-16148, 0, 346
-16148, 6462, 346
-16148, 6462, 346
-16148, 6462, 346
-16148, 6462, 346
-29132, 0, 13421
-29132, -2310, 13421
-29132, -2310, 13421
-29132, -2310, 13421
-29132, -2310, 13421
0, 0, 0
0, 0, 0
0, 0, 0
0, 0, 0
0, 0, 0
15431, 0, 24341
15431, -22777, 24341
15431, -22777, 24341
15431, -22777, 24341
15431, -22777, 24341
-6664, 0, -8247
-6664, 19695, -8247
-6664, 19695, -8247
-6664, 19695, -8247
-6664, 19695, -8247
0, 0, 0
0, 0, 0
0, 0, 0
0, 0, 0
0, 0, 0
1, 1, 0
14, 13042, 0
20399, 0, 100
25600, 1, 256
1, 254, 0
14130, 511, -10496
-196, 24832, 0
10000, 0, 0
-16382, -29299, 4391
4196, 0, 39
25600, 9, -15360
-3345, 25812, 10000
0, 2, 0
-15360, 0, 9
0, 0, 0
254, 0, 256
0, 0, 0
0, 0, -32768
25600, 1, 256
2, 0, 0
25600, 512, 0
25600, 512, 0
196, 0, 0
-15872, -15678, -15678
513, 256, 0
0, 92, 17471
-3582, 2304, 0
2500, 0, 2
0, 2, 100
-22314, 0, 1
15872, 15934, 15934
-157, 0, 512
27664, 2756, 24980
0, -15359, 0
100, 9, -15238
-12544, 0, 765
20399, 0, 356
0, 255, 0
0, 23009, 768
4096, 256, 2
100, 0, 0
2, 16, 0
1285, 0, 261
20143, 39, 0
0, 0, 8192
0, 0, -256
2500, 0, 2
196, 0, 0
4096, 1, 38
0, 0, 0
301, 13568, 2500
25600, 1, 256
2, 25059, -28672
2, 27392, 0
583, 576, 0
-17088, -16706, -16698
-10538, 0, 25814
-15872, -15678, -15678
14130, 511, -10432
2500, 0, 2
0, 512, 0
256, 0, 0
25700, 0, 0
0, 255, 0
100, 0, 0
2, 16896, 0
0, 0, 0
0, 0, 0
16, 0, 0
256, 0, 0
256, 0, 0
0, 1, 0
10000, 0, 100
0, -32496, 0
-30721, 0, 0
100, 512, 0
0, 255, 0
256, 0, 0
10000, 0, 0
2500, 0, 512
1, 0, 0
26384, 0, 1
4547, 8191, 0
2500, 0, 0
14130, 0, 0
0, 255, 0
100, 31008, 0
2, 0, 0
-511, 0, 0
21632, 0, 512
731, 4216, 15872
4168, 0, 10198
196, 0, 0
53, 0, 8
2500, -32383, -32383
-28954, 26784, -14034
20504, -1707, 2393
2, 0, -15962
0, 0, 0
15826, -8416, 16
-15351, 12883, -24159
2500, 2, 2
2500, 2500, 511
4097, 5873, -20697
-3276, 0, 2
147, 0, 0
0, -8739, 0
10000, 0, 0
100, 0, 0
256, 9472, 255
4148, 147, -29184
7690, 100, -1183
2, 25600, 0
0, -32545, 16640
0, 0, 612
0, 0, 0
100, 0, 0
0, 0, 0
25608, 0, 8292
14130, 511, -10496
0, 0, 0
0, 1, 528
2500, 0, 0
-25036, -15421, -15507
-17139, 0, -27033
-17139, 21537, -27033
-17139, 21537, -27033
-17139, 21537, -27033
-17139, 21537, -27033
-349, 0, 16511
-349, -26672, 16511
-349, -26672, 16511
-349, -26672, 16511
-349, -26672, 16511
0, 0, 0
0, 0, 0
0, 0, 0
0, 0, 0
0, 0, 0
31643, 0, -10185
31643, 28544, -10185
31643, 28544, -10185
31643, 28544, -10185
31643, 28544, -10185
-18115, 0, 11305
-18115, 15771, 11305
-18115, 15771, 11305
-18115, 15771, 11305
-18115, 15771, 11305
0, 0, 0
0, 0, 0
0, 0, 0
0, 0, 0
0, 0, 0
2500, 0, 0
2500, 0, 47
-15360, 9, -15351
-15164, 0, 9
2500, 0, 0
0, 0, 0
10000, 0, 0
0, 2560, 0
-26625, -26729, -26729
4096, 13101, 39
0, 0, 0
0, 0, 0
-26625, 4247, -26729
4112, 0, 39
0, -512, 0
463, 4096, 0
2500, 0, 0
-26625, -26729, -26729
4096, 13101, 39
0, -512, 256
15872, -17337, -18944
0, 0, 0
10000, 0, 0
1, 21741, 0
1, -10185, 31643
0, -15103, 0
23568, 256, 0
-31460, 0, 13983
25600, 0, 0
13613, 10000, 0
4275, 0, 39
10000, 0, 0
64, 189, 3328
205, 1, -11264
0, 2471, -24064
10256, 0, 10023
10256, 0, 10023
16, 257, 255
27648, 0, -158
-26625, -26729, -26729
0, 0, 0
2500, 0, 0
0, 3759, 256
0, 0, 0
10000, 256, 0
1, 10000, 0
-15167, 24273, -13296
0, 31232, 256
26471, 26471, 26471
10000, 4096, 8960
256, 25872, 9984
256, 0, 0
10256, 0, 10023
1068, 1, -6873
4096, 0, 39
-22109, 0, 86
2500, 0, 0
17663, 17476, 17476
-17140, 1, 31419
16, 0, 0
2500, 0, 0
23568, 256, 0
10000, 0, 0
400, 0, 0
8973, -256, 35
30840, 0, 196
23568, 0, 0
256, 0, 0
-32768, 384, -32640
2500, 0, 256
0, 0, 0
13112, 0, 13879
0, 1, 256
-26625, -26729, -26729
4096, 13101, 39
0, 12340, 12775
-13701, 0, 4096
4096, 13101, 39
-18690, 26471, 26384
23568, 256, 0
0, 0, 2500
257, 0, 0
10000, 0, 0
-15344, 0, 9
10256, 0, 10023
11520, -15360, 307
15872, -17337, -18944
1, -19381, 14848
-15164, 0, 9
4096, 13101, 39
2500, 0, 256
0, 57, 14336
2500, 0, 0
4096, 45, 39
256, 0, 0
0, 39, 4096
256, 0, 0
0, 0, 0
0, 0, 0
-26625, -26729, -26729
10000, 0, 0
11520, 13321, -15161
14243, 0, 283
16384, 39, 4112
0, -16128, 0
14391, 54, 12341
-23131, 0, 0
3328, 512, 0
-26880, -26729, -26729
-15164, -15164, -15164
53, 2500, 0
219, -25958, 0
0, 0, 0
0, 1, 512
0, 85, 0
10000, 0, 0
-22874, -22874, -22874
13, 256, 0
1, 0, 0
0, -23808, 257
-26625, -26729, -26729
0, 0, 256
-15344, 0, 0
0, 0, 1024
0, 0, 0
10256, 0, 10023
15872, -17337, -18944
-14591, 16842, -4906
0, 0, 0
-11008, 0, 10000
-15347, 0, 9
3328, 0, 0
10256, 10023, 10023
-32752, -32640, -32640
204, 0, 0
3328, 0, 0
0, -1800, -2048
-29799, -4247, 0
-29799, -4247, 0
-29799, -4247, 0
-29799, -4247, 12835
-29799, -4247, 12835
-21711, -26098, 0
