11086, 6695, 0, 0, 0
11086, 6695, 9683, 0, -10747
11086, 6695, 9683, 21141, -10747
11086, 6695, 9683, 21141, -10747
11086, 6695, 9683, 21141, -10747
-29225, 18951, 0, 0, 0
-29225, 18951, -14827, 0, 15756
-29225, 18951, -14827, -7593, 15756
-29225, 18951, -14827, -7593, 15756
-29225, 18951, -14827, -7593, 15756
0, 0, 0, 0, 0
0, 0, 0, 0, 0
0, 0, 0, 0, 0
0, 0, 0, 0, 0
0, 0, 0, 0, 0
6428, -7705, 0, 0, 0
6428, -7705, 3572, 0, 17992
6428, -7705, 3572, -15885, 17992
6428, -7705, 3572, -15885, 17992
6428, -7705, 3572, -15885, 17992
-785, -25299, 0, 0, 0
-785, -25299, -31089, 0, 18804
-785, -25299, -31089, 13282, 18804
-785, -25299, -31089, 13282, 18804
-785, -25299, -31089, 13282, 18804
0, 0, 0, 0, 0
0, 0, 0, 0, 0
0, 0, 0, 0, 0
0, 0, 0, 0, 0
0, 0, 0, 0, 0
189, 0, 0, 1, 1
564, 0, 0, 0, 0
1, 1, 0, 0, 0
1, 1, 256, 0, 0
-257, 0, 256, 0, 0
0, 512, 0, 512, 2
0, 512, 92, 0, -4992
0, 1, 4608, 0, 7
2, 0, 0, -511, 254
-10723, 6461, -7532, 30734, -30949
-256, 0, 12848, 14131, 13824
-255, 0, 0, 514, 2
0, 256, -12234, 569, 32424
22813, -18660, -17064, -22334, 16399
8704, 16597, 18666, -1, -26631
0, 512, 0, 512, 2
256, 0, 0, 512, 0
-1, -4352, 0, 2, 0
0, 0, 2, 0, 1
2, 0, 0, -511, 254
229, 256, -17363, -1646, 256
8704, 16597, 512, 0, 0
13613, -32611, -19001, -22711, -29166
2, 1, 2, 0, 0
1, 0, 0, 0, 0
0, 0, 0, 2, 0
24985, 512, 0, 767, 0
2, 0, 258, 0, 0
0, 0, 514, 2, 0
467, 1, 0, 0, 256
2, 0, 0, 0, 0
512, 0, 257, 0, 1
259, 0, 0, 257, 215
0, 0, 0, 0, 13056
34, -32256, 0, 2, 0
2, -256, 210, 0, 16640
-17642, 0, 0, 640, 0
258, -1024, -772, -772, -772
1, 28417, 1, 0, 25778
0, 0, 0, 512, 258
0, 256, 512, 254, 0
2, 0, 0, -29438, 255
-4370, -4370, -4370, 0, -4370
1, 1, 0, 0, 0
2, 0, 0, 0, 0
256, 0, 0, 0, 0
-9123, 1, 720, 512, 256
8704, 213, 16641, 0, 0
-32766, 0, 0, -511, 254
256, 0, 0, 4608, 2
0, 0, 26, 0, 10027
2, 0, 1, 0, 6658
2, 0, 0, 1, 2
8704, 16597, -26729, -26729, -26631
0, 512, -27425, -24023, -26291
2, 0, 256, 0, 514
19968, 19539, 14136, 13367, 11520
8704, 725, 0, -16639, -256
0, 14381, 12855, 12339, 14391
257, 256, 512, 0, 0
8014, 10170, 10325, -3128, -31708
256, -256, 0, 256, 0
3, 2, 0, 256, 256
-2008, 1, 0, 256, 0
514, 2, 0, 1792, 512
0, -1792, -1543, -1543, -1543
0, 512, 231, 0, 1
-11117, 27670, 0, 0, 0
-11117, 27670, -9327, 0, 19564
-11117, 27670, -9327, 22660, 19564
-11117, 27670, -9327, 22660, 19564
-11117, 27670, -9327, 22660, 19564
20036, 11504, 0, 0, 0
20036, 11504, -25396, 0, -28401
20036, 11504, -25396, 13387, -28401
20036, 11504, -25396, 13387, -28401
20036, 11504, -25396, 13387, -28401
0, 0, 0, 0, 0
0, 0, 0, 0, 0
0, 0, 0, 0, 0
0, 0, 0, 0, 0
0, 0, 0, 0, 0
-27682, -12356, 0, 0, 0
-27682, -12356, 32765, 0, 9446
-27682, -12356, 32765, 1242, 9446
-27682, -12356, 32765, 1242, 9446
-27682, -12356, 32765, 1242, 9446
8948, 1024, 0, 0, 0
8948, 1024, -4433, 0, 31155
8948, 1024, -4433, 7503, 31155
8948, 1024, -4433, 7503, 31155
8948, 1024, -4433, 7503, 31155
0, 0, 0, 0, 0
0, 0, 0, 0, 0
0, 0, 0, 0, 0
0, 0, 0, 0, 0
0, 0, 0, 0, 0
499, 0, 0, 0, 256
6, 0, 1, 0, 512
0, 0, 2827, 2827, 2816
25700, 0, 0, 100, 0
-515, -9, -129, 100, -1
0, 13033, -32609, 0, -28806
0, 256, -10957, 27553, 13878
-1277, 2048, 1, 100, 0
25697, 20992, 0, 4608, -17475
0, 13033, -32609, 0, -28806
0, 0, 0, 100, 6
0, 512, 0, 25600, 0
-2314, 0, -2314, -2314, 512
-16237, -16192, 0, -16384, 704
2, 25600, 0, 0, 0
1, 0, 0, 256, 1
510, 100, 0, 0, 512
612, 370, 0, 256, 257
0, 0, 512, 0, 0
0, -124, 8730, -13934, 10608
0, 512, 256, 2, 0
0, 0, 0, 32256, 1
3840, -27500, 0, -27646, 148
25600, 0, 0, 0, 0
13824, 311, 13312, 51, 0
22272, 256, 0, 17920, 0
5890, 0, 5911, -3049, 256
0, 0, 0, 0, 0
100, 0, 0, 1, 0
11520, 12594, 0, 12289, 51
14392, 0, 0, -512, 2
13613, 2, 7, 0, 0
100, 0, 512, 0, 0
-2, -24796, 257, 257, 256
0, 0, -24673, -24673, 0
356, 230, 255, 0, 100
0, 25600, 0, 0, 0
1, 0, 0, 0, 2
13621, 13112, 207, -256, 55
1, 14381, 13618, 2, 14646
255, -27904, 3106, 2495, 30075
19968, 240, 0, 100, 1
612, 0, 0, 256, 0
0, 0, 256, 0, 1
0, 0, 12850, 12850, 12802
545, 100, 0, 0, 43
256, 256, 512, 0, 0
512, 27648, 0, 100, 100
3840, -27500, 0, -27646, 148
-7580, -7454, 226, 0, -7454
2, 0, 256, 256, -27682
13422, 28213, 110, -27648, 28270
1, 1, 0, 0, 0
0, 0, 512, 0, 0
16639, 0, 256, 0, 256
0, 512, 27136, -11560, 27125
0, -24064, 0, 10497, 341
25600, 0, 23591, 9309, 0
515, 8192, 2, 0, 25600
0, 8192, 0, 0, 100
13668, 12596, 57, -17408, 13617
1, 0, 1, 0, 0
0, 0, -27500, 148, 3842
0, 0, 256, 0, 0
0, 13033, -32609, 0, -28806
4096, 0, 0, 0, 0
0, 256, 257, 257, 1
0, 0, 0, 0, 0
30976, 1, 10280, 10280, 10280
0, 233, 0, 9984, 0
155, 256, 0, 512, 256
0, 0, 4135, 15677, 0
15, 0, 9975, 13878, -25306
0, 0, 4135, 0, 0
767, 0, 64, 2, 256
0, -256, 0, 512, 0
1, 256, 30464, 30583, 0
-27514, -27500, 100, 256, -27500
100, 0, 0, 4135, 0
-31859, 0, 256, 512, 0
0, 0, 13875, 14645, 11711
0, 25855, 0, 0, 0
1, 0, 0, 0, 0
606, 0, 1, 0, 512
0, 130, 0, 0, 0
-16674, 3, 1, 0, 2631
147, 0, 13878, 0, 256
1280, 375, 12800, -28806, 0
3840, -27500, 0, 0, 148
0, 14, 6145, 6168, 0
88, 0, 0, 15, 25855
100, 0, 0, 100, 0
3805, -13348, 1799, 1799, 1799
-15104, 15693, 0, 767, -12990
11520, 13617, 51, 0, 13874
25696, 0, 0, 9984, 0
2, 12601, 14137, 0, 14389
0, 1, 0, 0, 0
0, 100, 0, 1, 0
0, 256, 0, 0, 0
0, 256, 0, 0, 0
17408, 0, 0, 19456, 512
0, 512, -7884, 225, 13107
0, 256, 512, 1, 0
10551, 23068, -14209, 11982, -1082
100, 0, 0, 0, 0
0, 512, 233, 0, 0
0, 0, 289, 0, 256
0, 0, 0, 256, 1
0, 256, 256, 512, 0
514, 0, 0, 0, 1
3943, 6, -4564, -4370, 100
-255, 254, 0, 0, 0
-24816, -26182, 30825, 12533, 9767
-7992, -22768, 62, 0, 16
11565, 0, 0, 0, 0
2, 0, 30326, 0, 1
512, 1, 39, 0, 0
2, 32, 0, 0, 0
-1996, 2549, 15760, -24836, 25166
-11117, 2, 278, 0, 0
3840, -27500, 0, -27646, 148
11805, 11822, 11822, 11822, 11822
518, 1, 2, 384, 0
23901, 23901, 23901, 23901, 23901
5561, 100, 0, 0, 0
0, 512, 1, 0, 1
1955, 18148, 0, 0, 0
1955, 18148, 24191, 0, 26808
1955, 18148, 24191, -10931, 26808
1955, 18148, 24191, -10931, 26808
1955, 18148, 24191, -10931, 26808
-3563, 6325, 0, 0, 0
-3563, 6325, -8382, 0, -3383
-3563, 6325, -8382, 12895, -3383
-3563, 6325, -8382, 12895, -3383
-3563, 6325, -8382, 12895, -3383
0, 0, 0, 0, 0
0, 0, 0, 0, 0
0, 0, 0, 0, 0
0, 0, 0, 0, 0
0, 0, 0, 0, 0
-10499, 17765, 0, 0, 0
-10499, 17765, -4199, 0, -21860
-10499, 17765, -4199, -15942, -21860
-10499, 17765, -4199, -15942, -21860
-10499, 17765, -4199, -15942, -21860
32731, -21465, 0, 0, 0
32731, -21465, 15691, 0, 31407
32731, -21465, 15691, -1384, 31407
32731, -21465, 15691, -1384, 31407
32731, -21465, 15691, -1384, 31407
0, 0, 0, 0, 0
0, 0, 0, 0, 0
0, 0, 0, 0, 0
0, 0, 0, 0, 0
0, 0, 0, 0, 0
511, 0, 10023, 10023, 9984
0, 0, 0, 0, 1
18101, -27827, 18982, 1, -2609
10000, 0, 0, 0, 0
1, 256, 0, 256, 0
10000, 14134, 256, 0, 0
0, 4096, 11520, -29897, 39
-14803, 18757, -28909, 16911, -21118
13555, 0, 4149, 39, 256
-3563, -15691, -8382, 95, -3383
2, 4112, 0, 0, 39
0, 4096, 11520, -26215, 39
257, 0, 39, 0, 4096
-32768, 0, 475, 0, 13569
1955, 4324, -23195, -17038, 39
0, 4096, 11520, 311, 39
10000, 14134, 256, 0, 0
0, 256, -9456, -9253, 4151
150, -1082, 1, 0, 6231
-18966, -14056, -13880, 0, -13879
1, 0, 0, 20224, 10000
4112, 39, 0, 4096, 0
10000, 0, -21589, -21589, -21589
0, 256, 136, 0, 10000
10000, 14134, 256, 0, 0
0, 4096, 0, -8704, 39
0, 0, 0, 0, 0
10000, 0, 0, 0, 1
126, 10000, 0, 0, 0
0, 4096, 0, -8704, 39
-28177, 13705, 13621, 13621, 13621
0, 256, -4884, -4884, -5049
30480, 30583, 30583, 30583, 30583
0, 4096, 0, -8704, 39
-12851, -12851, 10000, 0, -12851
1, 0, -4884, 2, -180
0, 4096, 0, -8704, 39
2, 4112, 0, 0, 39
257, 257, 257, 257, 257
4112, 4112, 4112, 4112, 4112
0, 4096, 0, -8704, 39
2, 4112, 0, 0, 10000
511, 0, 0, 256, 10000
769, 4146, 0, 0, 39
512, 10000, 32000, 0, 0
159, 0, 0, 4096, 1
9586, 0, 31220, -1173, 256
0, 4096, 11520, 0, 39
10000, 0, 512, 0, 1
1, 0, 399, 0, 0
0, 0, -12032, 1373, 10
0, 4096, 0, 2, 39
180, 256, 0, 0, 256
0, 256, 4096, 39, 0
0, 25088, 20817, 20817, 20817
-253, 4096, 0, 0, 39
10000, 0, 0, 0, 0
0, 10000, 0, 0, 0
24080, 161, -24319, 0, 0
244, 10000, 1, 0, 0
0, 256, 1, 5741, 1954
0, 4096, 11520, -29897, 39
0, 0, 4135, 0, 0
16, 0, 0, 2, 9985
2, 0, 4096, 2116, 0
0, 17407, 32551, -2828, 6704
10000, 0, 0, 0, 0
0, 0, -4884, -4884, 0
0, 16, 0, 0, 0
14608, 13620, 23100, 32133, -31684
699, 0, 0, 49, 0
-27741, -27757, -27757, -27757, -27757
373, 0, 0, 0, 0
0, 4096, 0, -8704, 39
14608, 13620, 23100, 32133, -31684
2, 4120, 0, 0, 39
0, 0, 0, 0, 512
0, 0, 0, 0, 256
2, 0, 0, 0, 256
0, 0, 25852, 39, 0
1, 1, 0, 0, 0
16, 0, 0, -12956, 0
20050, 0, 2, 0, 0
14849, 53, 0, 0, 10000
16144, -9137, 23100, 32133, -31684
25346, 0, 0, 10000, 2
256, 0, 0, 0, 0
258, 0, 0, 511, -28928
512, 0, -16065, -15935, -32000
16, 0, -17332, 28885, -28416
0, 4096, 0, -8704, 39
14618, 13620, 23100, 32133, -31684
-11566, -11566, 0, 0, -17454
10000, 256, 0, 19712, 0
4264, 4096, 0, 256, 1
16066, -24753, 0, 0, 0
16066, -24753, -11451, 23407, 0
16066, -24753, -11451, 23407, 0
16066, -24753, -11451, 23407, 27067
16066, -24753, -11451, 23407, 27067
18953, -28575, 0, 0, 0
18953, -28575, 24251, -8168, 0
18953, -28575, 24251, -8168, 0
18953, -28575, 24251, -8168, -21719
18953, -28575, 24251, -8168, -21719
0, 0, 0, 0, 0
0, 0, 0, 0, 0
0, 0, 0, 0, 0
0, 0, 0, 0, 0
0, 0, 0, 0, 0
25736, 20493, 0, 0, 0
25736, 20493, 10124, 9040, 0
25736, 20493, 10124, 9040, 0
25736, 20493, 10124, 9040, 19239
25736, 20493, 10124, 9040, 19239
1664, 5286, 0, 0, 0
1664, 5286, 23060, -326, 0
1664, 5286, 23060, -326, 0
1664, 5286, 23060, -326, 9131
1664, 5286, 23060, -326, 9131
0, 0, 0, 0, 0
0, 0, 0, 0, 0
0, 0, 0, 0, 0
0, 0, 0, 0, 0
0, 0, 0, 0, 0
0, 10000, 0, 0, 0
0, 256, 1, 0, 0
4097, 39, 0, 0, 0
1663, 5286, 0, 0, 0
0, 39, 10000, 0, 9984
1, 0, 0, 0, 0
1, 0, 6425, 6425, 6425
256, 256, 2, 1, 0
2, 255, 0, 256, 257
512, 256, 0, 1024, 0
4290, 4096, 39, 0, 24252
4097, 39, 0, 256, 1
0, 256, 10000, 0, 0
1, 0, 0, 0, 0
1, 256, 0, 0, 0
562, -14018, 0, 256, 1
2, 16269, 25310, -20558, 0
256, 0, 256, 2, 512
1, 0, 13613, 4, 13056
0, 256, 256, 0, 0
10000, 0, 0, 0, 10000
2, 256, 512, 0, 13618
257, 256, 0, 0, 0
509, 1, 2, 0, 0
1, 0, 0, 0, 0
256, 256, 2, 1, 30534
258, 0, -32415, -1, 256
1, 1, 12845, 0, -21927
307, -7968, -7968, -7968, 0
2, 0, -16706, -16706, 0
256, 256, 2, 1, 0
0, 0, 0, 0, 0
0, 256, 0, 13367, 39
0, 512, 9745, -1, 16126
4097, 2, 0, 0, 0
0, 10018, 24065, 0, 0
11520, 562, 0, 0, 14337
10000, 0, 0, 0, 0
1, 0, 0, 26367, -2545
9, 2, 0, 256, 4096
0, 0, 1, 0, 0
313, 0, 512, 0, 20817
0, 512, 0, 1, 0
254, 271, 0, 10000, 0
4097, 1, 0, -772, 39
14381, -4096, -709, 0, 0
2, 0, 0, 0, 16
0, 5615, 10000, 1, 17219
0, 0, 0, 0, 0
301, 10000, 0, 0, 512
4224, 2855, 0, 10000, 1032
16896, 322, 256, 0, 16962
253, 4096, 39, 2, 0
10000, 0, 0, 0, 20817
650, 0, 0, 0, 8224
4097, -3342, -3342, -3342, -3342
0, 256, 0, 1, 195
1, 0, 2, -28907, 0
4112, 4112, 4112, 4112, 4112
145, 0, -14847, 11012, -18203
10000, 0, 0, 256, 271
2, 0, 3842, 22789, 12343
10000, 2, 0, 2, -1
-10241, 0, 256, 0, 512
256, 256, 2, 1, 0
18247, 18247, 18247, 18247, 0
-2176, -2056, -2057, 0, 0
0, 0, 2, 0, 1
1, 0, 0, 0, 0
2, 1, 0, 4097, 10000
2, 0, 0, 11520, 256
0, 39, -24560, -24416, -24416
10768, 19451, 0, 0, 271
16, 256, 0, 0, 0
10000, 256, 0, 0, 0
4098, 4135, 4135, 39, 0
10000, 0, 0, 0, 10000
2, 0, 0, 0, 0
10000, 0, 0, 0, 0
1, 0, 0, 0, -21075
512, 0, 13542, 0, 0
1024, 23372, -14283, -6860, 28903
2, 0, 256, 0, 0
0, 256, 768, 771, 771
12079, 12079, 12079, 12079, 16066
512, 0, 0, 0, 0
258, 0, 256, 5, 4096
0, 39, 10000, 0, -28785
513, 10000, 0, 1024, -12080
-2816, 14125, 258, 0, 14352
0, 512, 4096, 39, 256
2, 0, 0, 512, -32025
10000, 0, 0, 11520, 0
256, 256, 2, 1, 0
10000, 0, 0, 0, 39
255, 256, 257, 1, 0
256, 0, 256, 0, 2048
0, 256, 514, 0, -7968
4097, 39, 0, 0, 0
2, 0, 10000, 0, 10000
254, 0, 0, 256, 0
512, -6656, 409, 0, 1
1, 0, 0, 512, -19992
183, 0, -31999, 4112, 4270
0, 512, 0, 0, 0
10000, 0, 0, 0, 10000
0, 256, 2049, 2056, 2056
10000, 0, 0, 0, 0
-1380, 92, 0, 0, -1
2, 23040, 23130, 23130, 23130
256, 256, 2, 1, -11286
0, 256, 1, 0, 25322
338, 255, 0, 9986, 22784
11871, 49, 514, 0, 0
1, 0, 2, 0, 4351
10000, 4096, 39, 0, -31908
4150, 2, 0, -6169, 16705
2, 1, 0, 4098, 10000
0, 4096, 39, 0, 0
27647, 10000, 256, 0, -16706
256, 256, 10000, 0, 0
-10676, -30358, 4184, 39, 1271
1, 0, 512, 0, 4096
2, 0, 13328, 43, 0
10000, 0, 25600, 0, 7710
100, 0, 0, 0, 0
0, 256, 0, 0, 0
10000, 512, 10000, 0, 0
-30720, 0, 0, 8, 0
1, -16348, 191, 32000, 24774
17408, 2, 0, 0, 0
11522, 12337, 1, 0, -4370
2, 0, 0, 256, 0
9375, 1, 20736, 81, 0
144, 0, 0, 0, 2
-254, 25601, 0, 0, 12759
0, 512, 10479, 31301, 0
0, 512, 1792, 513, 0
256, 0, 25226, -21075, -21075
7184, 4531, 32563, 4119, 21027
640, 0, 256, -11404, -28528
521, 0, 0, 0, 0
-15641, -26402, 17693, 9757, 4149
2, 1, -256, 4097, 0
256, 256, 2, 1, 0
1, 0, 0, 0, 20894
0, 0, 0, 0, -30070
16, 0, 0, 0, 0
-27648, 14637, -1893, -17267, 0
25794, 0, 256, 25856, 10000
25700, -256, 0, 0, 0
4163, 39, 0, 0, 25600
-28575, 100, 0, 0, 0
272, 16962, 16962, 10000, 0
12599, 13878, 13878, -26826, -23645
2, 0, 2, 0, 139
0, 256, 2, 13056, 0
10000, -32512, 10001, 100, 0
1, 0, 0, 0, 0
2, 0, 0, 2, 10000
1, 2, 0, 256, 1285
0, 551, 512, 0, -21760
-3034, 9661, 18225, 23929, -20775
25360, 0, -32768, -32640, 8319
100, 10000, 0, 512, 4096
0, 512, 100, 0, 0
100, 0, 2, 0, -12370
-3327, -3033, 19075, -28132, -6748
514, 514, 514, 514, 514
0, 0, 0, -254, 79
1, 0, 4096, 39, 4096
10242, -248, 24312, 106, 25649
14145, 15410, 4097, 39, 10000
-9984, -16868, 4788, 12342, 16962
2, 0, 25736, 0, 0
2, 0, 25600, 0, 0
373, -14336, -17249, -17220, -23388
0, 256, 12592, 13363, 12338
25602, 16, 0, 9985, -15071
1, 0, 4097, 39, 0
770, 1, 255, 256, 0
-4251, -12793, 18126, -27528, -3086
-17394, 0, 0, 0, 0
272, 0, 9984, 0, 0
0, 256, 2, 1, 0
10000, -19456, 15535, -10959, 24447
0, 513, 256, 0, 0
1, 0, 0, 0, 0
2, 0, 9757, 0, 1
4097, 39, 13, 0, 0
4116, 10000, 0, 0, 5376
255, 256, 0, 2816, 419
-156, 1, 0, 0, 14645
253, 0, 2, 257, 0
25795, 0, 256, 25700, 0
24833, 0, 0, 24653, -12644
512, 0, 0, 10000, 4096
2, 0, 0, 25601, 24158
0, 1, 0, 0, 0
2, 0, 4224, 39, 0
1, 0, 0, 255, 0
10000, 0, 0, 0, 2
0, 10000, 0, 0, -768
2, 248, -31612, 0, 0
4097, 39, 0, 0, 0
256, 256, 2, 1, 0
1, 100, 0, 0, 0
4608, 0, 25600, 0, 512
0, 512, 25600, -2560, -12302
4351, 39, 10794, 10794, 10794
10000, 0, 256, 0, 0
256, 256, 2, 1, 39
1, 0, 0, 45, 0
213, 0, -11007, -11775, 0
10000, 0, 0, 22283, -10706
0, 1, 0, 0, 0
10000, -9767, -9767, -9767, -9767
0, 25600, 0, 0, 0
18953, 19018, 10000, 0, 13056
2, 0, 512, 0, 0
-29299, -29299, -29298, -29299, 0
2, 1, 0, 0, 0
-255, 0, 0, 0, 0
255, 256, 0, 0, 0
254, 0, 2, 0, 256
2, 0, 512, 1, 323
101, 25633, 1, 0, -256
256, 0, 0, 0, -8482
25600, 256, 0, 0, 256
10000, 511, 1, 0, -25390
4097, 39, 0, 0, 0
1, 0, 0, 0, 0
0, 2, 0, 232, 20817
17219, 0, 0, 0, 0
0, 256, 4096, 512, 0
257, 0, 0, 25799, 0
-32323, -12651, -18215, -11467, 22085
2, 1, 256, 0, 0
256, -16384, 2, 1, -28477
