19788, 140737488342224, 140737353704888, 140737488342208, -30285, 0, 0
19788, 140737488342224, 140737353704888, 140737488342208, -30285, -1095, -14887
19788, 140737488342224, 140737353704888, 140737488342208, -30285, -1095, -14887
19788, 140737488342224, 140737353704888, 140737488342208, -30285, -1095, -14887
19788, 140737488342224, 140737353704888, 140737488342208, -30285, -1095, -14887
2148, 140737488342224, 140737353704888, 140737488342208, 31475, 0, 0
2148, 140737488342224, 140737353704888, 140737488342208, 31475, -14908, 25868
2148, 140737488342224, 140737353704888, 140737488342208, 31475, -14908, 25868
2148, 140737488342224, 140737353704888, 140737488342208, 31475, -14908, 25868
2148, 140737488342224, 140737353704888, 140737488342208, 31475, -14908, 25868
0, 140737488342224, 140737353704888, 140737488342208, 0, 0, 0
0, 140737488342224, 140737353704888, 140737488342208, 0, 0, 0
0, 140737488342224, 140737353704888, 140737488342208, 0, 0, 0
0, 140737488342224, 140737353704888, 140737488342208, 0, 0, 0
0, 140737488342224, 140737353704888, 140737488342208, 0, 0, 0
-20857, 140737488342224, 140737353704888, 140737488342208, -15159, 0, 0
-20857, 140737488342224, 140737353704888, 140737488342208, -15159, -11073, -19878
-20857, 140737488342224, 140737353704888, 140737488342208, -15159, -11073, -19878
-20857, 140737488342224, 140737353704888, 140737488342208, -15159, -11073, -19878
-20857, 140737488342224, 140737353704888, 140737488342208, -15159, -11073, -19878
-23754, 140737488342224, 140737353704888, 140737488342208, 13164, 0, 0
-23754, 140737488342224, 140737353704888, 140737488342208, 13164, -12654, -6265
-23754, 140737488342224, 140737353704888, 140737488342208, 13164, -12654, -6265
-23754, 140737488342224, 140737353704888, 140737488342208, 13164, -12654, -6265
-23754, 140737488342224, 140737353704888, 140737488342208, 13164, -12654, -6265
0, 140737488342224, 140737353704888, 140737488342208, 0, 0, 0
0, 140737488342224, 140737353704888, 140737488342208, 0, 0, 0
0, 140737488342224, 140737353704888, 140737488342208, 0, 0, 0
0, 140737488342224, 140737353704888, 140737488342208, 0, 0, 0
0, 140737488342224, 140737353704888, 140737488342208, 0, 0, 0
246, 140737488342224, 140737353704888, 140737488342208, 0, 11332, 15523
6, 140737488342224, 140737353704888, 140737488342208, -7424, 2, -19635
32470, 140737488342224, 140737353704888, 140737488342208, 44, 2, 0
-20304, 140737488342224, 140737353704888, 140737488342208, 0, 10753, 10794
0, 140737488342224, 140737353704888, 140737488342208, 512, -26864, 2
252, 140737488342224, 140737353704888, 140737488342208, 0, 0, 0
19456, 140737488342224, 140737353704888, 140737488342208, 4096, 512, 0
767, 140737488342224, 140737353704888, 140737488342208, 0, 0, 2
2, 140737488342224, 140737353704888, 140737488342208, 640, 0, 0
764, 140737488342224, 140737353704888, 140737488342208, 0, 0, 28013
258, 140737488342224, 140737353704888, 140737488342208, 0, 512, 12683
12290, 140737488342224, 140737353704888, 140737488342208, 2, 0, 2
252, 140737488342224, 140737353704888, 140737488342208, 0, 2, 0
12290, 140737488342224, 140737353704888, 140737488342208, 2, 0, 0
64, 140737488342224, 140737353704888, 140737488342208, 0, 2, 0
26255, 140737488342224, 140737353704888, 140737488342208, 0, 512, 0
512, 140737488342224, 140737353704888, 140737488342208, 0, 28672, -18546
0, 140737488342224, 140737353704888, 140737488342208, 2, 0, 0
252, 140737488342224, 140737353704888, 140737488342208, 255, -32510, 0
2, 140737488342224, 140737353704888, 140737488342208, 0, -14334, 548
2, 140737488342224, 140737353704888, 140737488342208, -15616, -703, 514
0, 140737488342224, 140737353704888, 140737488342208, 512, 2, 512
512, 140737488342224, 140737353704888, 140737488342208, 0, 28672, -18546
0, 140737488342224, 140737353704888, 140737488342208, 0, 256, 0
0, 140737488342224, 140737353704888, 140737488342208, 2, 0, 512
252, 140737488342224, 140737353704888, 140737488342208, 0, -1022, 4176
12290, 140737488342224, 140737353704888, 140737488342208, -13310, -13108, -13108
8224, 140737488342224, 140737353704888, 140737488342208, 544, 0, 512
2, 140737488342224, 140737353704888, 140737488342208, 9472, 0, -10044
2500, 140737488342224, 140737353704888, 140737488342208, 0, 0, 2500
213, 140737488342224, 140737353704888, 140737488342208, -25855, 0, 0
2500, 140737488342224, 140737353704888, 140737488342208, 19323, 0, 0
512, 140737488342224, 140737353704888, 140737488342208, 0, 28672, 142
1, 140737488342224, 140737353704888, 140737488342208, -256, 2, 2500
2500, 140737488342224, 140737353704888, 140737488342208, 0, 0, 0
2500, 140737488342224, 140737353704888, 140737488342208, 0, 0, 2500
1024, 140737488342224, 140737353704888, 140737488342208, 0, 0, 0
2500, 140737488342224, 140737353704888, 140737488342208, 0, 0, 0
219, 140737488342224, 140737353704888, 140737488342208, 0, 0, 2
452, 140737488342224, 140737353704888, 140737488342208, 0, 0, 9
251, 140737488342224, 140737353704888, 140737488342208, 0, 2500, 0
8224, 140737488342224, 140737353704888, 140737488342208, 544, 0, 1
0, 140737488342224, 140737353704888, 140737488342208, 0, 0, 256
512, 140737488342224, 140737353704888, 140737488342208, 0, 512, 0
2500, 140737488342224, 140737353704888, 140737488342208, 0, 0, 0
9, 140737488342224, 140737353704888, 140737488342208, -255, -1, 255
0, 140737488342224, 140737353704888, 140737488342208, 256, 255, 0
0, 140737488342224, 140737353704888, 140737488342208, 256, 13216, 2595
252, 140737488342224, 140737353704888, 140737488342208, 0, 0, 0
8224, 140737488342224, 140737353704888, 140737488342208, 544, 0, 512
2, 140737488342224, 140737353704888, 140737488342208, 452, 0, 0
24514, 140737488342224, 140737353704888, 140737488342208, 513, 0, 226
0, 140737488342224, 140737353704888, 140737488342208, 2304, 2313, 2313
512, 140737488342224, 140737353704888, 140737488342208, 0, 28672, -18546
0, 140737488342224, 140737353704888, 140737488342208, 2560, -17590, 0
501, 140737488342224, 140737353704888, 140737488342208, 0, 0, -9587
0, 140737488342224, 140737353704888, 140737488342208, 0, 512, 0
10692, 140737488342224, 140737353704888, 140737488342208, 0, 0, 2500
19128, 140737488342224, 140737353704888, 140737488342208, 8221, 544, 256
0, 140737488342224, 140737353704888, 140737488342208, 256, 0, 0
-15105, 140737488342224, 140737353704888, 140737488342208, 13833, -16800, -14818
0, 140737488342224, 140737353704888, 140737488342208, 0, 0, 0
29298, 140737488342224, 140737353704888, 140737488342208, 29298, 29298, -26254
19458, 140737488342224, 140737353704888, 140737488342208, 77, 0, 28672
8226, 140737488342224, 140737353704888, 140737488342208, 544, 0, 512
4, 140737488342224, 140737353704888, 140737488342208, 2500, 0, 0
12290, 140737488342224, 140737353704888, 140737488342208, 2, 0, 2
2500, 140737488342224, 140737353704888, 140737488342208, 0, 0, 2500
0, 140737488342224, 140737353704888, 140737488342208, 0, -256, 0
-317, 140737488342224, 140737353704888, 140737488342208, 19971, 2, 0
451, 140737488342224, 140737353704888, 140737488342208, 0, 0, 0
0, 140737488342224, 140737353704888, 140737488342208, 512, 686, -11248
-15165, 140737488342224, 140737353704888, 140737488342208, 9, 0, 256
0, 140737488342224, 140737353704888, 140737488342208, 2, -15360, 9
-317, 140737488342224, 140737353704888, 140737488342208, 14339, 14392, 14392
6, 140737488342224, 140737353704888, 140737488342208, -7424, 0, 256
-28159, 140737488342224, 140737353704888, 140737488342208, 2, 0, 4155
2756, 140737488342224, 140737353704888, 140737488342208, 0, 512, 255
512, 140737488342224, 140737353704888, 140737488342208, 0, 2499, 0
671, 140737488342224, 140737353704888, 140737488342208, 0, 0, 0
-27341, 140737488342224, 140737353704888, 140737488342208, -27243, -27243, -27243
0, 140737488342224, 140737353704888, 140737488342208, 0, 0, 0
2756, 140737488342224, 140737353704888, 140737488342208, 0, 512, 255
29298, 140737488342224, 140737353704888, 140737488342208, 29298, 29298, -26254
254, 140737488342224, 140737353704888, 140737488342208, 0, 512, 0
2, 140737488342224, 140737353704888, 140737488342208, 0, 255, 2
452, 140737488342224, 140737353704888, 140737488342208, 0, -2560, 0
4125, 140737488342224, 140737353704888, 140737488342208, 38, 0, 0
0, 140737488342224, 140737353704888, 140737488342208, 0, 3855, -32753
-25085, 140737488342224, 140737353704888, 140737488342208, -31930, -6671, -16436
255, 140737488342224, 140737353704888, 140737488342208, 512, 0, 256
10000, 140737488342224, 140737353704888, 140737488342208, 0, 0, 0
-317, 140737488342224, 140737353704888, 140737488342208, -18822, -18762, -18762
6, 140737488342224, 140737353704888, 140737488342208, 256, 0, -19712
4096, 140737488342224, 140737353704888, 140737488342208, 39, 0, 0
52, 140737488342224, 140737353704888, 140737488342208, 0, 0, 64
189, 140737488342224, 140737353704888, 140737488342208, 512, 0, 0
-16318, 140737488342224, 140737353704888, 140737488342208, 0, 3584, -5837
1024, 140737488342224, 140737353704888, 140737488342208, 0, 0, 2
80, 140737488342224, 140737353704888, 140737488342208, 0, 9986, 0
0, 140737488342224, 140737353704888, 140737488342208, 0, 0, 256
13568, 140737488342224, 140737353704888, 140737488342208, 0, 512, 0
4020, 140737488342224, 140737353704888, 140737488342208, 2, 0, 256
512, 140737488342224, 140737353704888, 140737488342208, 0, 0, 0
0, 140737488342224, 140737353704888, 140737488342208, 256, 2, 0
10000, 140737488342224, 140737353704888, 140737488342208, 0, 4096, 39
24577, 140737488342224, 140737353704888, 140737488342208, 24672, 24672, 24672
0, 140737488342224, 140737353704888, 140737488342208, 0, 0, -256
100, 140737488342224, 140737353704888, 140737488342208, 4112, 16, 0
452, 140737488342224, 140737353704888, 140737488342208, 25601, 0, 0
13357, 140737488342224, 140737353704888, 140737488342208, 12855, 0, 512
2756, 140737488342224, 140737353704888, 140737488342208, 0, 512, 255
-511, 140737488342224, 140737353704888, 140737488342208, 0, 23296, 12091
0, 140737488342224, 140737353704888, 140737488342208, 0, 0, 0
24832, 140737488342224, 140737353704888, 140737488342208, -14848, 4344, 39
25600, 140737488342224, 140737353704888, 140737488342208, 0, 0, 0
1, 140737488342224, 140737353704888, 140737488342208, 1, 256, 0
10000, 140737488342224, 140737353704888, 140737488342208, 0, 10000, 0
2500, 140737488342224, 140737353704888, 140737488342208, 0, 6656, 2385
25651, 140737488342224, 140737353704888, 140737488342208, 25600, 0, 0
100, 140737488342224, 140737353704888, 140737488342208, 8192, 765, 0
18017, 140737488342224, 140737353704888, 140737488342208, 189, 0, 0
0, 140737488342224, 140737353704888, 140737488342208, 2500, 0, 256
0, 140737488342224, 140737353704888, 140737488342208, 512, 2304, 2313
-10240, 140737488342224, 140737353704888, 140737488342208, 25616, 25700, 25700
10000, 140737488342224, 140737353704888, 140737488342208, 0, 0, 0
28780, 140737488342224, 140737353704888, 140737488342208, 512, 0, 28672
0, 140737488342224, 140737353704888, 140737488342208, 100, 25345, 4292
12853, 140737488342224, 140737353704888, 140737488342208, 54, 1645, 22896
25839, 140737488342224, 140737353704888, 140737488342208, 25699, 0, 0
25344, 140737488342224, 140737353704888, 140737488342208, 0, 512, 0
256, 140737488342224, 140737353704888, 140737488342208, 0, 0, 0
-15304, 140737488342224, 140737353704888, 140737488342208, 9, 14, 0
163, 140737488342224, 140737353704888, 140737488342208, 0, 9, 0
-19276, 140737488342224, 140737353704888, 140737488342208, -19276, 0, 256
9999, 140737488342224, 140737353704888, 140737488342208, 2500, 0, 0
32, 140737488342224, 140737353704888, 140737488342208, 0, 1, 512
-32000, 140737488342224, 140737353704888, 140737488342208, 32, 13101, 14644
2500, 140737488342224, 140737353704888, 140737488342208, 4096, 5415, 11065
195, 140737488342224, 140737353704888, 140737488342208, 10000, 2500, 0
4097, 140737488342224, 140737353704888, 140737488342208, 39, 0, 0
-12860, 140737488342224, 140737353704888, 140737488342208, 2500, 605, 25600
25755, 140737488342224, 140737353704888, 140737488342208, 4866, 11772, 27954
12290, 140737488342224, 140737353704888, 140737488342208, 2, 0, 2
-27341, 140737488342224, 140737353704888, 140737488342208, -27243, 27285, -27243
252, 140737488342224, 140737353704888, 140737488342208, 0, -17399, -4861
0, 140737488342224, 140737353704888, 140737488342208, 0, 0, 0
0, 140737488342224, 140737353704888, 140737488342208, -12851, -15359, 9
29006, 32345, 0, 0, 0, 0, 0
29006, 32345, 5918, 6474, 0, 0, 0
29006, 32345, 5918, 6474, 16611, -7439, 0
29006, 32345, 5918, 6474, 16611, -7439, -4156
29006, 32345, 5918, 6474, 16611, -7439, -4156
26740, 8959, 0, 0, 0, 0, 0
26740, 8959, -4780, -13356, 0, 0, 0
26740, 8959, -4780, -13356, 23969, 17237, 0
26740, 8959, -4780, -13356, 23969, 17237, -6863
26740, 8959, -4780, -13356, 23969, 17237, -6863
0, 0, 0, 0, 0, 0, 0
0, 0, 0, 0, 0, 0, 0
0, 0, 0, 0, 0, 0, 0
0, 0, 0, 0, 0, 0, 0
0, 0, 0, 0, 0, 0, 0
-17599, 5773, 0, 0, 0, 0, 0
-17599, 5773, -24571, 10816, 0, 0, 0
-17599, 5773, -24571, 10816, 32675, -14344, 0
-17599, 5773, -24571, 10816, 32675, -14344, 4327
-17599, 5773, -24571, 10816, 32675, -14344, 4327
23446, -15505, 0, 0, 0, 0, 0
23446, -15505, 11182, -1551, 0, 0, 0
23446, -15505, 11182, -1551, 9802, -2800, 0
23446, -15505, 11182, -1551, 9802, -2800, 12216
23446, -15505, 11182, -1551, 9802, -2800, 12216
0, 0, 0, 0, 0, 0, 0
0, 0, 0, 0, 0, 0, 0
0, 0, 0, 0, 0, 0, 0
0, 0, 0, 0, 0, 0, 0
0, 0, 0, 0, 0, 0, 0
-29034, 346, 1, 0, 0, 256, 0
-15343, 9, 0, 2500, 0, 0, 2500
8, 0, 0, 0, 0, 0, 0
1, 0, 1, 0, 0, 0, 31591
0, 0, 0, 25600, 256, 1, -29434
0, 0, 0, -256, 0, 25600, -7197
0, 16896, -27574, 148, 0, 0, 0
0, 182, 0, 1, -15351, 1, 13362
1, 0, 1, 0, 0, 0, 31591
-15343, 9, 0, 2500, 0, 0, 0
79, 0, 0, 0, 2500, 0, 0
65, 0, 2817, -10998, 31959, -5398, -5398
155, 0, 0, 2304, -2551, 2313, 0
-15343, 9, 0, 2500, 0, 0, 2304
0, 1279, 0, 0, 100, -25088, 0
105, 0, 10143, -14350, 30116, -21325, 2
-15343, 9, 0, 2500, 0, 0, 0
0, 182, 0, 1, -15351, 257, 13362
-15358, 9, 0, 0, 13131, 31504, 9293
0, 19022, 2500, 0, 0, 0, 0
0, 2, 0, 0, 0, 2304, -7197
0, 14336, 14645, 12594, 0, 0, 256
2, 0, 0, 256, 0, -15360, 0
-15358, 9, -9984, -9767, -9767, 0, -9767
