-25363, 0, 0, -17722, 0, 140733193388032, 140737488342224, 140737353704888
-25363, 0, 4711, -17722, 17983, 140733193388032, 140737488342224, 140737353704888
-25363, 11299, 4711, -17722, 17983, 140733193388032, 140737488342224, 140737353704888
-25363, 11299, 4711, -17722, 17983, 140733193388032, 140737488342224, 140737353704888
-25363, 11299, 4711, -17722, 17983, 140733193388032, 140737488342224, 140737353704888
14929, 0, 0, -20152, 0, 140733193388032, 140737488342224, 140737353704888
14929, 0, 12606, -20152, 1720, 140733193388032, 140737488342224, 140737353704888
14929, 17797, 12606, -20152, 1720, 140733193388032, 140737488342224, 140737353704888
14929, 17797, 12606, -20152, 1720, 140733193388032, 140737488342224, 140737353704888
14929, 17797, 12606, -20152, 1720, 140733193388032, 140737488342224, 140737353704888
0, 0, 0, 0, 0, 140733193388032, 140737488342224, 140737353704888
0, 0, 0, 0, 0, 140733193388032, 140737488342224, 140737353704888
0, 0, 0, 0, 0, 140733193388032, 140737488342224, 140737353704888
0, 0, 0, 0, 0, 140733193388032, 140737488342224, 140737353704888
0, 0, 0, 0, 0, 140733193388032, 140737488342224, 140737353704888
-4689, 0, 0, -21482, 0, 140733193388032, 140737488342224, 140737353704888
-4689, 0, -7727, -21482, -19931, 140733193388032, 140737488342224, 140737353704888
-4689, 13574, -7727, -21482, -19931, 140733193388032, 140737488342224, 140737353704888
-4689, 13574, -7727, -21482, -19931, 140733193388032, 140737488342224, 140737353704888
-4689, 13574, -7727, -21482, -19931, 140733193388032, 140737488342224, 140737353704888
1160, 0, 0, 28274, 0, 140733193388032, 140737488342224, 140737353704888
1160, 0, 24706, 28274, 7373, 140733193388032, 140737488342224, 140737353704888
1160, 3550, 24706, 28274, 7373, 140733193388032, 140737488342224, 140737353704888
1160, 3550, 24706, 28274, 7373, 140733193388032, 140737488342224, 140737353704888
1160, 3550, 24706, 28274, 7373, 140733193388032, 140737488342224, 140737353704888
0, 0, 0, 0, 0, 140733193388032, 140737488342224, 140737353704888
0, 0, 0, 0, 0, 140733193388032, 140737488342224, 140737353704888
0, 0, 0, 0, 0, 140733193388032, 140737488342224, 140737353704888
0, 0, 0, 0, 0, 140733193388032, 140737488342224, 140737353704888
0, 0, 0, 0, 0, 140733193388032, 140737488342224, 140737353704888
1, 256, 0, 256, 0, 140733193388032, 140737488342224, 140737353704888
20817, -14596, 18689, 81, 0, 140733193388032, 140737488342224, 140737353704888
0, 1, 256, 0, 256, 140733193388032, 140737488342224, 140737353704888
71, -256, 2816, 0, 1, 140733193388032, 140737488342224, 140737353704888
1, 0, 256, 256, 0, 140733193388032, 140737488342224, 140737353704888
256, 0, 1, 45, 1, 140733193388032, 140737488342224, 140737353704888
256, 12473, 22272, 256, 1, 140733193388032, 140737488342224, 140737353704888
0, 11520, 256, 1, 0, 140733193388032, 140737488342224, 140737353704888
381, 0, 0, 209, 1, 140733193388032, 140737488342224, 140737353704888
0, 0, 256, 0, 0, 140733193388032, 140737488342224, 140737353704888
0, 0, 0, 257, 0, 140733193388032, 140737488342224, 140737353704888
0, 0, 0, -256, 257, 140733193388032, 140737488342224, 140737353704888
256, -256, 256, 0, 255, 140733193388032, 140737488342224, 140737353704888
256, 5097, 27125, 13613, -12559, 140733193388032, 140737488342224, 140737353704888
13613, 24091, 25696, -27923, -32241, 140733193388032, 140737488342224, 140737353704888
-26491, 7710, 7710, -9253, -9253, 140733193388032, 140737488342224, 140737353704888
-256, 0, 256, 257, 1, 140733193388032, 140737488342224, 140737353704888
420, 0, 164, 0, -23552, 140733193388032, 140737488342224, 140737353704888
1024, -16851, 0, 114, 1, 140733193388032, 140737488342224, 140737353704888
370, 0, 327, 0, -8192, 140733193388032, 140737488342224, 140737353704888
29806, 0, 17409, 40, 0, 140733193388032, 140737488342224, 140737353704888
1, 17152, 0, 0, -29556, 140733193388032, 140737488342224, 140737353704888
1, 13312, 0, 21331, 339, 140733193388032, 140737488342224, 140737353704888
126, 1, 0, 0, 1, 140733193388032, 140737488342224, 140737353704888
1, 256, 0, 0, 1, 140733193388032, 140737488342224, 140737353704888
2541, 0, 0, 56, 1, 140733193388032, 140737488342224, 140737353704888
4359, 2827, 2827, 255, 2827, 140733193388032, 140737488342224, 140737353704888
513, 24929, 24929, 1, 24929, 140733193388032, 140737488342224, 140737353704888
-1022, 24672, 24672, 13055, 24689, 140733193388032, 140737488342224, 140737353704888
1, -14852, 1816, 0, 1048, 140733193388032, 140737488342224, 140737353704888
-25187, -25187, -25187, -25187, -25187, 140733193388032, 140737488342224, 140737353704888
0, -240, 9984, 16384, 0, 140733193388032, 140737488342224, 140737353704888
0, 2866, 1, 0, 0, 140733193388032, 140737488342224, 140737353704888
1, 1, 0, 0, 257, 140733193388032, 140737488342224, 140737353704888
127, 4135, 0, 0, 0, 140733193388032, 140737488342224, 140737353704888
58, 0, 1, 0, 1, 140733193388032, 140737488342224, 140737353704888
0, 18353, 4135, 0, 0, 140733193388032, 140737488342224, 140737353704888
1, 13363, 12589, 0, 0, 140733193388032, 140737488342224, 140737353704888
1, 12336, 12850, 256, 12336, 140733193388032, 140737488342224, 140737353704888
1, 0, 256, 0, 0, 140733193388032, 140737488342224, 140737353704888
0, 4135, 0, 0, 0, 140733193388032, 140737488342224, 140737353704888
1, 0, 1542, 1542, 1542, 140733193388032, 140737488342224, 140737353704888
-10239, 14336, 0, -28870, 508, 140733193388032, 140737488342224, 140737353704888
0, 0, 0, 25600, 1, 140733193388032, 140737488342224, 140737353704888
0, 0, 0, 0, 0, 140733193388032, 140737488342224, 140737353704888
25700, 0, 0, 0, 0, 140733193388032, 140737488342224, 140737353704888
6425, 6425, 6425, 6425, 6425, 140733193388032, 140737488342224, 140737353704888
0, 1, 0, 0, 0, 140733193388032, 140737488342224, 140737353704888
1, 0, 0, 0, 1, 140733193388032, 140737488342224, 140737353704888
-28730, 14675, 0, 0, 0, 0, 0, 0
-28730, 14675, -12827, -19833, 0, 0, 0, 0
-28730, 14675, -12827, -19833, 4586, -2439, 4442, 0
-28730, 14675, -12827, -19833, 4586, -2439, 4442, -12432
-28730, 14675, -12827, -19833, 4586, -2439, 4442, -12432
-9752, 12635, 0, 0, 0, 0, 0, 0
-9752, 12635, 9229, 1938, 0, 0, 0, 0
-9752, 12635, 9229, 1938, -23092, -30401, -9831, 0
-9752, 12635, 9229, 1938, -23092, -30401, -9831, -22248
-9752, 12635, 9229, 1938, -23092, -30401, -9831, -22248
0, 0, 0, 0, 0, 0, 0, 0
0, 0, 0, 0, 0, 0, 0, 0
0, 0, 0, 0, 0, 0, 0, 0
0, 0, 0, 0, 0, 0, 0, 0
0, 0, 0, 0, 0, 0, 0, 0
-16608, -17356, 0, 0, 0, 0, 0, 0
-16608, -17356, -1551, -8887, 0, 0, 0, 0
-16608, -17356, -1551, -8887, -16989, -17872, -2909, 0
-16608, -17356, -1551, -8887, -16989, -17872, -2909, -29825
-16608, -17356, -1551, -8887, -16989, -17872, -2909, -29825
28590, 24686, 0, 0, 0, 0, 0, 0
28590, 24686, -26983, 21864, 0, 0, 0, 0
28590, 24686, -26983, 21864, 18475, -8190, 28219, 0
28590, 24686, -26983, 21864, 18475, -8190, 28219, 16708
28590, 24686, -26983, 21864, 18475, -8190, 28219, 16708
0, 0, 0, 0, 0, 0, 0, 0
0, 0, 0, 0, 0, 0, 0, 0
0, 0, 0, 0, 0, 0, 0, 0
0, 0, 0, 0, 0, 0, 0, 0
0, 0, 0, 0, 0, 0, 0, 0
65, 4096, 39, 0, 0, 0, 25616, 16384
100, 256, 0, 0, 9216, 146, 256, 10000
0, 511, 10000, 255, 4141, 39, 11520, 12544
128, 256, 100, 0, 3195, 2711, 12065, 19147
0, 0, 0, 0, 0, 0, 100, 0
16, 0, 1, 650, 0, 0, 0, 0
25855, 100, 0, 0, 1, 4097, 39, 0
100, 100, 0, 0, 0, 0, 0, 0
100, 25664, 0, 0, 0, 256, 0, -6215
27, 0, 1, 394, 0, 512, 0, -13062
10000, 495, 0, 9984, 255, -32000, 225, 0
20200, 10000, 0, 0, 0, 256, 0, 0
0, 256, 116, -16607, 0, 255, 461, 32551
1, 0, 0, 0, 0, 0, 0, 256
100, 256, 0, 0, 9216, 146, 256, 28432
272, 100, 0, 1024, 100, 0, 0, 16640
100, 0, 4096, 39, 0, 0, 0, -20818
272, 0, 2304, 4135, 39, 1, 0, 0
0, 256, 100, 0, 0, 0, 100, 157
10000, 4096, 39, 10000, 0, 0, 0, 0
4112, 39, 0, 0, 256, 0, 0, 100
100, 256, -32768, 128, 0, 0, 0, 0
30992, 16, 0, 1, -256, -1029, -1029, -23131
0, 0, 100, 100, 0, 0, 0, 0
13584, 10000, 0, 0, 0, 4101, 39, 0
3806, 4292, 100, 0, 100, 0, 256, 0
10000, 0, 0, 0, 0, 0, 1, 0
272, -1279, 1, 0, 256, 0, 0, 25709
4096, 39, 0, 0, 0, 0, 0, 0
4098, 4135, 39, 0, 0, 9984, 4096, 25600
100, 256, 1, 0, 9216, 146, 256, 10000
14561, 13622, 4883, 25619, 0, 0, 0, 256
7636, 205, 25600, 0, 0, 0, 256, 0
-12536, -5696, 39, 10000, 0, 256, 0, 1
0, -512, 25600, 0, 0, 0, 0, 0
10010, 6912, -31395, -12723, 224, 0, 13869, 0
0, 0, 256, 100, 4096, 39, 0, -25088
16, 0, 2, 0, 11520, 13363, 13616, 0
-28730, 83, 0, 0, 0, 0, 0, 0
25602, 512, 0, -6144, 356, 10000, 256, 0
25600, 0, 0, 0, 0, 256, 0, 0
10256, 0, 26016, -14332, 11120, 4348, 39, 2068
0, 4118, 39, 0, 0, 0, 1280, 0
0, 1, 0, 0, 0, -32768, 0, 0
10000, -1, 0, 0, 1, 0, 174, 0
4261, 39, 0, 0, -23296, 14646, 14392, 0
257, 0, 0, -18332, 120, 0, 0, 14390
-28876, -19696, -19533, -19533, -19533, -19533, -19533, 0
16, 0, 1, 906, 0, 0, 0, 20736
16, 29185, 50, 25600, 0, 0, 0, 0
10000, 0, 0, 25600, 0, 0, 0, 16788
-156, 4096, 39, 0, 0, 0, 0, 0
2, 512, 0, 0, 0, 0, 0, -2837
0, -3840, -16150, 28878, 0, 256, 31183, -13062
-510, 9472, 39, 0, 9509, 9509, 9509, 0
1, 10000, 0, 0, 0, 0, 28416, -7454
12845, 13367, 4144, 39, 0, 0, -7936, 256
100, 256, 0, 0, 9216, 146, 256, 4096
1, 0, 25602, 0, 0, 1, 0, 0
25602, 0, 0, 0, 0, 0, 512, 0
6, 0, 4096, 39, 16, 0, 0, 0
14135, 14135, 14135, 14135, 25655, 0, 0, 14135
10000, -1543, -1543, -1543, -1543, -1543, -1543, 256
25651, 0, 30720, 100, 256, 0, 0, 15849
100, 256, 0, 0, 9216, 146, 256, 0
16, 10000, 0, 0, 0, 0, 0, 4097
25601, 0, 0, 0, 0, 0, 0, 0
256, 0, 100, 0, 0, 0, 0, 0
1, 9999, 10023, 10023, 10023, 10023, 10023, -18505
16, -15164, 100, 0, 0, 0, -15164, -15164
526, 1, 7168, 7196, 7196, 7196, 7196, 7196
100, -15360, -15164, -15164, 708, 0, 0, 0
-7071, 0, 13568, 13621, 13621, 1, 256, 14133
10000, 10000, 0, 256, 0, 0, 25600, 0
