-15535  0  140737353704888  140737488342208  4160739816  28815
-15535  436  140737353704888  140737488342208  4160739816  28815
-15535  436  140737353704888  140737488342208  4160739816  28815
-15535  436  140737353704888  140737488342208  4160739816  28815
-15535  436  140737353704888  140737488342208  4160739816  28815
-11786  0  140737353704888  140737488342208  4160739816  13427
-11786  -10769  140737353704888  140737488342208  4160739816  13427
-11786  -10769  140737353704888  140737488342208  4160739816  13427
-11786  -10769  140737353704888  140737488342208  4160739816  13427
-11786  -10769  140737353704888  140737488342208  4160739816  13427
0  0  140737353704888  140737488342208  4160739816  0
0  0  140737353704888  140737488342208  4160739816  0
0  0  140737353704888  140737488342208  4160739816  0
0  0  140737353704888  140737488342208  4160739816  0
0  0  140737353704888  140737488342208  4160739816  0
31190  0  140737353704888  140737488342208  4160739816  -7828
31190  -20700  140737353704888  140737488342208  4160739816  -7828
31190  -20700  140737353704888  140737488342208  4160739816  -7828
31190  -20700  140737353704888  140737488342208  4160739816  -7828
31190  -20700  140737353704888  140737488342208  4160739816  -7828
22586  0  140737353704888  140737488342208  4160739816  -16984
22586  15048  140737353704888  140737488342208  4160739816  -16984
22586  15048  140737353704888  140737488342208  4160739816  -16984
22586  15048  140737353704888  140737488342208  4160739816  -16984
22586  15048  140737353704888  140737488342208  4160739816  -16984
0  0  140737353704888  140737488342208  4160739816  0
0  0  140737353704888  140737488342208  4160739816  0
0  0  140737353704888  140737488342208  4160739816  0
0  0  140737353704888  140737488342208  4160739816  0
0  0  140737353704888  140737488342208  4160739816  0
13438  -14683  140737353704888  140737488342208  4160739816  -27798
514  0  140737353704888  140737488342208  4160739816  1
1  256  140737353704888  140737488342208  4160739816  0
23908  14608  140737353704888  140737488342208  4160739816  10778
33  0  140737353704888  140737488342208  4160739816  -766
20220  -9939  0  0  0  0
20220  -9939  17227  -5358  0  0
20220  -9939  17227  -5358  29903  0
20220  -9939  17227  -5358  29903  3898
20220  -9939  17227  -5358  29903  3898
2280  14310  0  0  0  0
2280  14310  -13713  -29358  0  0
2280  14310  -13713  -29358  13461  0
2280  14310  -13713  -29358  13461  -3878
2280  14310  -13713  -29358  13461  -3878
0  0  0  0  0  0
0  0  0  0  0  0
0  0  0  0  0  0
0  0  0  0  0  0
0  0  0  0  0  0
-25097  30795  0  0  0  0
-25097  30795  30014  22455  0  0
-25097  30795  30014  22455  18843  0
-25097  30795  30014  22455  18843  -13860
-25097  30795  30014  22455  18843  -13860
-12917  -12429  0  0  0  0
-12917  -12429  -18875  1552  0  0
-12917  -12429  -18875  1552  -32343  0
-12917  -12429  -18875  1552  -32343  -9146
-12917  -12429  -18875  1552  -32343  -9146
0  0  0  0  0  0
0  0  0  0  0  0
0  0  0  0  0  0
0  0  0  0  0  0
0  0  0  0  0  0
-3072  0  0  0  0  0
2  0  0  0  100  214
0  0  19275  19275  19275  19275
0  -30464  226  2  0  0
-254  0  2  0  0  0
222  -24673  -24673  -24673  0  -24673
222  -24673  -24736  -24673  0  159
302  0  0  20780  180  14854
2  0  1  0  0  0
2  0  0  1  0  0
1  0  0  0  0  14381
0  0  0  25600  11479  -2764
512  0  0  1  1  0
5155  19649  0  0  3584  -15421
222  -24673  -24673  -24673  0  -24832
11  0  0  0  -27804  -23131
