31378  17626  0
31378  17626  9832
31378  17626  9832
31378  17626  9832
31378  17626  9832
-10808  30867  0
-6894  -20344  0
-6894  -20344  -12260
-6894  -20344  -12260
-6894  -20344  -12260
-6894  -20344  -12260
25495  -5169  0
25495  -5169  15173
25495  -5169  15173
25495  -5169  15173
25495  -5169  15173
0  0  0
-8229  22120  0
23242  25683  0
23242  25683  0
23242  25683  0
23242  25683  16574
23242  25683  16574
-17790  -24318  0
-17790  -24318  0
-17790  -24318  0
-17790  -24318  27580
-17790  -24318  27580
0  0  0
