-13445  -23949  0
-13445  -23949  30095
-13445  -23949  30095
-13445  -23949  30095
-13445  -23949  30095
32359  -32600  0
32359  -32600  10444
32359  -32600  10444
32359  -32600  10444
32359  -32600  10444
0  0  0
0  0  0
0  0  0
0  0  0
0  0  0
1799  7816  0
1799  7816  28380
1799  7816  28380
1799  7816  28380
1799  7816  28380
21808  8243  0
21808  8243  10287
21808  8243  10287
21808  8243  10287
21808  8243  10287
0  0  0
0  0  0
0  0  0
0  0  0
0  0  0
-15237  -15351  9
-15164  9  0
2500  0  0
-15312  9  0
12676  14388  2244
196  0  0
196  -15105  265
-15164  9  0
0  0  0
11775  2500  2500
159  0  0
20  0  0
1  5120  0
-15164  9  0
20  -15340  9
26119  196  0
2500  0  12032
46  0  25601
20  -11264  2500
20  0  0
20  0  -256
5127  0  0
0  0  -18755
2500  5120  0
-255  -19481  20
-15340  2500  0
26119  5316  0
8961  26666  11836
9729  26666  11836
256  0  0
0  -15360  9
7781  11735  -12828
11520  5176  0
-15353  9  0
1476  13101  156
14038  -21181  125
0  32359  -5368
0  511  -16848
54  1  24672
5127  0  0
18944  24841  -214
256  20  -27648
0  0  0
48  -15360  9
2500  0  0
5121  0  0
-9696  -9510  0
8  0  0
-32383  -32383  5249
21808  21760  0
2500  0  256
5127  0  0
4116  39  0
0  0  0
2427  256  0
20  256  0
156  32380  8360
257  0  0
0  0  256
0  0  0
-13445  371  0
0  512  0
6636  -25088  158
0  0  1
12336  48  0
20  2500  0
13357  51  0
1  0  2067
0  512  9
12416  0  0
0  -15360  10
1  196  0
10000  0  137
196  0  17712
5127  10000  0
4096  53  -31365
-15360  9  0
15571  0  512
207  20  0
4424  16750  0
4424  16750  -19580
4424  16750  -19580
4424  16750  -19580
4424  16750  -19580
-28855  1411  0
-28855  1411  32652
-28855  1411  32652
-28855  1411  32652
-28855  1411  32652
0  0  0
0  0  0
0  0  0
0  0  0
0  0  0
22679  -3302  0
22679  -3302  -18882
22679  -3302  -18882
22679  -3302  -18882
22679  -3302  -18882
-29274  12767  0
-29274  12767  -14348
-29274  12767  -14348
-29274  12767  -14348
-29274  12767  -14348
0  0  0
0  0  0
0  0  0
0  0  0
0  0  0
2500  256  0
510  0  0
257  257  257
2500  256  0
309  138  0
1  -256  56
4424  -772  -772
-26992  155  0
2500  256  0
0  0  0
1  0  0
0  0  19139
12617  8  14386
0  0  0
0  256  256
196  196  -32768
256  0  -2304
1  -18177  -28036
11536  14130  1
2500  256  0
0  0  0
-15164  9  0
-3132  20435  1091
2500  0  0
-2364  0  0
2500  256  0
-13108  -13108  204
-19132  0  -32768
29951  26  0
1  0  256
204  0  0
256  0  -2304
3344  14130  1
13869  0  452
256  256  0
2500  0  0
0  0  256
12032  0  0
0  0  2500
0  1  0
1  0  0
-15106  0  512
16  0  2
2500  0  -1
1  -11263  13568
11536  14130  1
0  0  0
11520  14390  13624
0  196  0
1  0  0
45  0  257
196  0  2
72  -23296  -23131
-18687  1  0
6  -1536  22540
0  -5880  -8439
151  0  1
2500  256  0
13056  13625  64
110  0  0
3144  339  0
13869  0  452
-9510  -9510  -9510
35  0  0
0  0  0
28944  -32618  82
2500  13157  311
0  2500  0
-15360  9  0
12617  8  2500
0  0  1
2500  0  0
12589  14131  49
0  -29813  11659
12617  8  14386
-13687  210  -256
0  0  2304
2363  0  0
13368  2  0
0  0  0
0  0  0
0  512  0
0  -2819  0
13101  13872  13105
29555  0  0
18304  246  0
0  0  0
0  0  -15360
0  512  128
12617  2  0
4535  400  0
-9724  0  0
0  13  0
11536  14130  1
14642  54  0
0  2  0
3  0  0
256  0  -2304
256  512  0
0  0  256
1  -256  56
-31999  -31869  0
1  0  0
30208  30326  374
-7386  -7197  -7197
13868  0  196
10  0  0
15360  15420  15420
197  0  0
2  0  0
-2805  -16452  14063
256  0  0
13869  11671  14388
-1  -1  -1
6  0  0
2199  2568  0
0  0  2
0  -10597  0
1  0  0
1  256  0
0  -32768  0
10  0  0
-256  -8454  57
2  196  0
218  0  -15360
10  0  256
257  1  0
73  -12594  -12594
3715  0  0
-512  0  -2304
2500  -15360  9
1  -256  56
0  256  0
13568  -193  -768
0  1280  0
2500  256  0
11536  14130  1
13873  0  0
2  17919  63
256  0  -2304
2  0  0
258  0  0
-2571  -2571  -2571
12032  -1  -1
0  0  0
9252  9252  25636
0  -256  0
3  25600  768
2700  11520  14647
0  0  0
10  258  0
0  0  0
0  0  0
0  0  0
256  31868  31868
12032  0  0
2560  0  0
140  0  0
14902  2  0
0  0  0
248  100  0
2700  11520  14647
11536  14130  1
-12033  673  0
2  0  0
0  0  0
16448  100  0
1  -9472  -9253
13869  -22006  -21846
2700  11520  14647
0  0  0
79  27136  0
-255  0  2815
13869  0  -26368
-15104  -4998  6074
0  0  0
-15360  9  0
10  0  256
10  0  0
2700  11520  0
256  0  0
100  0  0
0  4096  10
101  0  0
0  0  0
2700  10  0
25600  0  0
-15141  9  14642
12801  14132  56
-15360  9  0
0  2313  2313
-25701  -25701  667
0  25600  0
2500  256  0
1  -256  56
12617  8  14386
0  0  0
2500  0  0
100  32  0
1  84  0
0  100  0
-15358  9  0
-15260  9  0
1  0  0
-13622  -13622  -13622
9695  144  0
616  66  39
13869  0  0
0  -23902  162
4424  -13402  -1418
0  0  0
513  0  0
0  -10024  -10280
-28942  -27746  18551
13869  0  -26112
2500  0  0
-4352  39  0
13869  0  452
1  -256  56
2700  -22710  6797
11536  14130  1
-15260  9  0
0  0  0
13869  0  -26368
2  256  261
2560  2  0
0  0  0
0  0  0
-15360  -15164  0
4424  5230  0
1  -256  56
11536  2  0
12589  17201  16448
22044  40  0
10000  0  0
10000  0  0
266  0  13312
2313  2660  0
-512  0  0
-22633  -15334  9
0  0  0
2700  11520  14647
20  39  0
6  -18929  -9801
11520  13365  57
1  84  0
20  0  21504
256  512  0
72  10000  0
2700  11520  14647
26214  26214  25958
1  0  512
131  0  0
-18387  -18248  -18248
344  0  2304
4130  22174  -15086
10000  513  0
-15548  16  0
4498  256  0
56  0  0
-15360  9  0
13869  0  0
1  -256  56
0  0  0
16  -12544  -12337
-256  0  0
18452  28177  -31678
12617  8  14386
2815  0  20
0  4096  -217
-15344  0  30464
1  -256  56
0  0  0
10000  1  0
9982  -9946  9766
12617  8  14386
0  0  0
0  0  0
12617  8  5170
7710  -7454  -7454
13568  26676  100
1  0  2500
17476  0  0
0  0  0
1  -256  452
1  -32172  -20605
0  512  11536
-156  4618  0
0  256  0
0  0  0
11284  -256  0
14325  -18825  16203
5120  0  0
20  0  0
10000  0  0
1  84  0
0  10  0
2759  10000  4096
2649  0  12
21789  -15111  9
0  0  0
100  2785  0
-14369  21554  19829
0  512  0
10  -256  0
20  20  0
11464  11928  0
11464  11928  0
11464  11928  0
11464  11928  -7265
11464  11928  -7265
-18337  32571  0
-18337  32571  0
-18337  32571  0
-18337  32571  -1944
-18337  32571  -1944
0  0  0
0  0  0
0  0  0
0  0  0
0  0  0
27758  13325  0
27758  13325  0
27758  13325  0
27758  13325  27737
27758  13325  27737
8752  -16057  0
8752  -16057  0
8752  -16057  0
8752  -16057  -31731
8752  -16057  -31731
0  0  0
0  0  0
0  0  0
0  0  0
0  0  0
-24892  -3907  0
21102  29391  0
11565  11528  13613
31603  -30061  20560
-14292  3436  -24800
255  0  10794
-22330  0  0
256  256  0
0  0  0
-15315  11528  0
0  0  22638
0  0  0
0  0  0
7952  -27862  2206
0  10000  0
27392  27499  27499
45  0  -1
255  0  42
0  -256  0
10000  0  0
23299  718  0
0  10000  -16192
4333  38  4096
0  0  0
4112  0  3365
11008  11051  11051
0  0  32382
255  0  10794
12937  57  0
10000  -24320  -24319
0  0  39
196  45  4112
18884  0  16178
2500  0  39
4112  0  3365
9743  -21442  -7167
0  0  4196
11565  8  24720
2500  0  0
4292  2500  256
0  0  769
11565  0  0
18884  0  0
16384  0  0
4112  0  3365
0  -16384  0
11565  11528  29337
7424  7453  7453
0  0  0
0  -15360  9
16896  3614  2313
4333  38  0
511  4150  30840
197  0  0
2  0  0
24621  -31869  -31869
0  0  0
4292  2500  256
2500  0  26112
2500  0  0
0  0  0
10000  0  0
0  0  0
0  14390  -32668
19400  -21996  4608
0  1  -28014
10000  0  0
-12280  -9239  -5112
0  0  -15351
0  30583  15420
0  0  0
0  0  0
0  249  25600
0  0  26182
256  0  0
18884  0  16178
0  30583  15676
233  -24787  0
0  256  0
-15616  9  239
11565  11528  0
-2877  25649  0
-32568  9  7680
0  0  0
4292  2500  256
0  0  0
-15289  9  0
0  0  2500
0  0  0
0  30583  15420
0  1  0
-24064  128  9984
0  0  0
-17325  -15  0
-24064  0  -15164
196  0  0
2500  0  0
257  257  -26527
-1084  5371  4224
5316  0  21074
0  0  -7856
-24064  10000  16700
-24064  10000  16700
255  0  10794
4112  0  3365
4292  2500  256
187  0  0
0  256  0
-130  -1  -21588
196  0  0
-15360  265  0
20  0  0
