-21449  140733193388032  140737488342224  140737353704888  0  28635  0  0
-21449  140733193388032  140737488342224  140737353704888  25976  28635  -31281  0
-21449  140733193388032  140737488342224  140737353704888  25976  28635  -31281  23269
-21449  140733193388032  140737488342224  140737353704888  25976  28635  -31281  23269
-21449  140733193388032  140737488342224  140737353704888  25976  28635  -31281  23269
-17077  140733193388032  140737488342224  140737353704888  0  -26149  0  0
-17077  140733193388032  140737488342224  140737353704888  9772  -26149  21622  0
-17077  140733193388032  140737488342224  140737353704888  9772  -26149  21622  32389
-17077  140733193388032  140737488342224  140737353704888  9772  -26149  21622  32389
-17077  140733193388032  140737488342224  140737353704888  9772  -26149  21622  32389
0  140733193388032  140737488342224  140737353704888  0  0  0  0
0  140733193388032  140737488342224  140737353704888  0  0  0  0
0  140733193388032  140737488342224  140737353704888  0  0  0  0
0  140733193388032  140737488342224  140737353704888  0  0  0  0
0  140733193388032  140737488342224  140737353704888  0  0  0  0
-11837  140733193388032  140737488342224  140737353704888  0  -24959  0  0
-11837  140733193388032  140737488342224  140737353704888  -29263  -24959  -26526  0
-11837  140733193388032  140737488342224  140737353704888  -29263  -24959  -26526  -30385
-11837  140733193388032  140737488342224  140737353704888  -29263  -24959  -26526  -30385
-11837  140733193388032  140737488342224  140737353704888  -29263  -24959  -26526  -30385
-20115  140733193388032  140737488342224  140737353704888  0  6602  0  0
-20115  140733193388032  140737488342224  140737353704888  12097  6602  -8626  0
-20115  140733193388032  140737488342224  140737353704888  12097  6602  -8626  2732
-20115  140733193388032  140737488342224  140737353704888  12097  6602  -8626  2732
-20115  140733193388032  140737488342224  140737353704888  12097  6602  -8626  2732
0  140733193388032  140737488342224  140737353704888  0  0  0  0
0  140733193388032  140737488342224  140737353704888  0  0  0  0
0  140733193388032  140737488342224  140737353704888  0  0  0  0
0  140733193388032  140737488342224  140737353704888  0  0  0  0
0  140733193388032  140737488342224  140737353704888  0  0  0  0
4481  140733193388032  140737488342224  140737353704888  256  0  1  0
1  140733193388032  140737488342224  140737353704888  0  1  1  24064
0  140733193388032  140737488342224  140737353704888  256  0  0  0
256  140733193388032  140737488342224  140737353704888  0  0  1  0
0  140733193388032  140737488342224  140737353704888  1  0  256  0
1  140733193388032  140737488342224  140737353704888  55  0  0  256
16162  140733193388032  140737488342224  140737353704888  -21332  256  -21332  -21332
1  140733193388032  140737488342224  140737353704888  395  0  -8482  -8482
7967  140733193388032  140737488342224  140737353704888  7967  7967  7967  327
-10410  6151  0  0  0  0  0  0
-10410  6151  -17406  4231  0  0  0  0
-10410  6151  -17406  4231  -4194  13672  1330  0
-10410  6151  -17406  4231  -4194  13672  1330  -31442
-10410  6151  -17406  4231  -4194  13672  1330  -31442
9465  28189  0  0  0  0  0  0
9465  28189  -32653  21840  0  0  0  0
9465  28189  -32653  21840  -19776  -32003  5756  0
9465  28189  -32653  21840  -19776  -32003  5756  29715
9465  28189  -32653  21840  -19776  -32003  5756  29715
0  0  0  0  0  0  0  0
0  0  0  0  0  0  0  0
0  0  0  0  0  0  0  0
0  0  0  0  0  0  0  0
0  0  0  0  0  0  0  0
-12949  28849  0  0  0  0  0  0
-12949  28849  6402  6731  0  0  0  0
-12949  28849  6402  6731  -15824  -8364  16592  0
-12949  28849  6402  6731  -15824  -8364  16592  22518
-12949  28849  6402  6731  -15824  -8364  16592  22518
-18463  -17090  0  0  0  0  0  0
-18463  -17090  -6997  -31883  0  0  0  0
-18463  -17090  -6997  -31883  42  -8472  6145  0
-18463  -17090  -6997  -31883  42  -8472  6145  18732
-18463  -17090  -6997  -31883  42  -8472  6145  18732
0  0  0  0  0  0  0  0
0  0  0  0  0  0  0  0
0  0  0  0  0  0  0  0
0  0  0  0  0  0  0  0
0  0  0  0  0  0  0  0
255  94  100  0  1  0  0  0
0  0  0  -29408  -6327  10180  -24009  -19241
0  0  0  0  12594  13622  257  25007
0  -256  1  0  10240  16  0  0
-13108  -13108  -13108  -13108  -13108  -13108  -13108  -13108
225  0  0  9984  25616  0  0  0
3509  -23371  -23388  -23388  -23388  -23388  22948  -23388
0  100  0  0  216  0  0  0
25600  0  511  0  0  256  256  100
0  0  256  4135  0  -19776  -32003  0
100  0  0  0  0  1  0  100
255  16478  100  0  1  0  0  9216
0  0  0  9985  1  0  0  0
255  94  100  0  1  0  0  0
0  0  0  4135  0  0  0  0
255  0  512  254  0  9985  1  256
101  0  1  9984  13840  30248  -9201  0
9209  29  0  0  0  0  0  0
100  0  -14848  1  0  0  0  0
-32681  4096  4135  39  0  1  0  3341
255  0  0  0  9984  16  256  -16192
100  0  0  100  0  1  0  0
0  0  0  4135  225  0  0  497
-3085  100  0  0  0  -3085  0  27145
25855  0  0  0  0  0  0  0
256  0  9984  16  192  1  0  0
1  1  0  0  0  -256  -26785  -26782
0  0  256  0  0  22272  25700  0
25810  -256  0  1  0  0  0  25645
-30685  -9156  -31686  -16028  10794  10794  10794  -8015
12305  0  0  0  -15104  6717  28367  26276
255  94  100  0  257  0  0  0
255  16478  100  0  1  0  0  9216
0  256  0  0  0  256  0  0
100  0  0  0  0  10239  272  512
0  32000  -24089  7544  29731  16713  21257  10140
0  256  564  -5788  32688  5  0  1
1  0  0  0  0  0  0  0
1  -256  257  0  1  0  1  256
1  0  0  0  0  0  0  25600
-30584  -30584  136  0  0  9984  -30704  0
13924  52  11620  12598  0  0  0  0
8255  0  0  0  0  9984  16  0
255  16478  100  0  1  0  0  9216
45  0  61  1  0  100  0  0
255  94  100  0  256  0  0  121
225  0  0  0  0  0  0  0
100  0  14593  68  0  0  9984  0
25700  0  25600  0  0  0  0  25601
219  0  0  0  0  0  0  -9427
100  0  0  0  0  11520  12597  0
0  1  0  0  -256  0  0  100
0  0  256  0  9984  16  0  0
100  0  0  0  1  0  1  0
257  256  100  0  0  0  199  0
0  12544  53  0  29361  100  0  31471
25443  355  0  25344  13613  57  0  13367
-2244  100  0  0  0  2722  24064  -18055
14392  14392  14392  14392  14392  14392  14392  14392
0  11520  154  0  -11263  31504  31184  -3163
-32630  100  191  0  256  244  0  0
0  256  49  0  0  9984  16  0
255  16478  100  0  1  256  0  0
1  0  1  0  0  257  25774  32464
0  0  0  9985  1  0  0  0
-18464  0  257  1  0  257  0  0
0  0  256  0  0  0  0  0
0  -13312  -13108  -13108  -13108  -13108  -13108  -13108
0  0  0  9984  16  0  0  0
0  0  0  0  9984  16  16  16
-5632  -938  99  0  0  0  255  0
0  0  0  4135  -26446  32738  25815  512
100  9472  -252  0  0  4135  2  0
2  100  0  0  0  0  0  0
255  16478  100  0  1  0  0  9216
3428  -6988  8108  0  0  0  4135  -21504
25600  0  -17090  171  256  0  25600  512
0  128  0  0  0  9984  16  28289
1  0  0  9992  0  0  0  256
0  0  0  9984  16  0  0  0
0  0  1  1  0  1  0  0
0  0  0  9984  25616  0  0  0
0  256  -13112  -13108  -13108  -13108  0  0
100  0  0  0  -25053  -24930  -24930  -24930
25344  0  0  0  1792  32203  20086  0
0  256  0  9984  0  0  0  1
499  0  0  0  4135  25290  -1309  0
-20380  -6951  215  -14322  -28519  -4181  11950  32209
255  94  100  0  1  0  0  0
5985  -28634  3  0  0  30464  12403  6431
100  1  0  52  0  0  100  0
181  0  9984  16  0  11521  12339  0
25824  25600  0  0  0  0  0  100
1  0  0  32108  23009  -27821  -32489  0
