7460  0  14192
7460  14954  14192
7460  14954  14192
7460  14954  14192
7460  14954  14192
-27865  0  -10625
-27865  7402  -10625
-27865  7402  -10625
-27865  7402  -10625
-27865  7402  -10625
0  0  0
0  0  0
0  0  0
0  0  0
0  0  0
-1980  0  -20182
-1980  -8274  -20182
-1980  -8274  -20182
-1980  -8274  -20182
-1980  -8274  -20182
7970  0  -32742
7970  -2403  -32742
7970  -2403  -32742
7970  -2403  -32742
7970  -2403  -32742
0  0  0
0  0  0
0  0  0
0  0  0
0  0  0
-6972  214  9
12589  13106  12336
0  0  0
13055  0  0
45  0  0
0  0  256
-11809  1792  -11823
0  0  0
256  0  0
0  14640  14381
-15164  -9984  9
14124  10530  21554
0  256  256
0  0  0
13055  0  0
2500  0  0
19968  20046  20045
0  0  0
0  0  0
256  0  0
0  0  0
-15164  0  0
2363  0  0
5  0  0
2500  0  0
0  0  0
14192  0  106
0  0  0
0  15  256
-15358  2048  9
307  512  0
0  0  0
0  382  0
-217  515  0
-256  193  11003
0  0  0
-15955  0  512
14192  1024  106
0  0  0
0  0  0
7460  7453  7453
807  0  0
1281  0  4
256  256  -9731
498  4  -255
13055  0  0
2500  14392  0
0  4  0
-25814  0  -24816
-25814  4939  -24816
-25814  4939  -24816
-25814  4939  -24816
-25814  4939  -24816
-10341  0  -337
-10341  -12098  -337
-10341  -12098  -337
-10341  -12098  -337
-10341  -12098  -337
0  0  0
0  0  0
0  0  0
0  0  0
0  0  0
-21971  0  5578
-21971  -10530  5578
-21971  -10530  5578
-21971  -10530  5578
-21971  -10530  5578
-16184  0  -13710
-16184  -28586  -13710
-16184  -28586  -13710
-16184  -28586  -13710
-16184  -28586  -13710
0  0  0
0  0  0
0  0  0
0  0  0
0  0  0
0  0  0
-17664  2313  2313
-127  512  1
26727  -12441  26407
-4125  5632  2543
49  0  0
255  14  0
168  0  0
0  0  4096
196  0  0
-512  0  0
196  0  0
12  2  0
258  1024  0
0  0  512
0  256  0
0  218  0
11536  2  199
-21575  0  0
133  -20385  32512
1024  9  -15360
615  0  0
0  0  0
964  0  2304
-15164  0  7
-256  2  0
5886  0  1
196  0  0
0  2500  10692
49  0  0
5886  0  1
512  0  0
49  0  0
2500  0  0
12  209  0
0  9  -15360
0  0  256
49  0  0
26727  26471  26407
26727  26471  26407
0  513  256
2858  0  32
11536  2  199
0  0  0
241  0  0
0  -12544  512
26727  26471  26407
2  0  -256
0  0  512
2858  2500  32
2  256  0
-10341  9  -15185
0  1  0
0  0  256
103  0  0
4  512  0
196  0  0
384  512  0
-23868  18656  -15251
2  0  2500
0  -3463  29188
43  0  0
0  0  0
0  1063  0
2858  0  32
2  0  0
0  0  0
0  0  0
42  -25855  0
49  0  0
0  0  16
-32766  0  1
2500  3584  0
2500  0  0
1967  265  -15358
10000  2  0
-25827  0  0
0  4112  4096
0  -21316  512
2049  2057  0
12845  12850  12850
11536  2  199
2500  0  0
0  10000  0
4  -15359  0
5886  0  1
-1522  11620  25442
11565  -25223  29524
2500  0  0
-4932  512  0
26727  26471  26407
30583  30583  30583
20522  3460  -22082
5886  0  1
0  4  0
32723  -24458  0
32723  -24458  0
32723  -24458  0
32723  -24458  -6658
32723  -24458  -6658
18754  31511  0
18754  31511  0
18754  31511  0
18754  31511  -6177
18754  31511  -6177
0  0  0
0  0  0
0  0  0
0  0  0
0  0  0
17157  -12140  0
17157  -12140  0
17157  -12140  0
17157  -12140  2268
17157  -12140  2268
-27753  24481  0
-27753  24481  0
-27753  24481  0
-27753  24481  -26702
-27753  24481  -26702
0  0  0
0  0  0
0  0  0
0  0  0
0  0  0
18802  18553  0
-19821  6306  28160
1455  26858  14392
15587  -30280  187
-26529  -256  0
14190  17871  18432
-19821  6306  0
1455  -1302  -19400
1  1851  -17239
-14769  9223  17803
1455  26858  14392
9167  20296  21652
-27343  14646  19101
1332  -5842  30863
-30526  -3097  -19232
-31950  7498  181
-15164  9  0
22102  2500  11565
-14670  -17510  -16450
2500  16384  0
-9423  -13348  0
1332  -5842  9529
2500  2500  9
1332  -5842  9529
167  0  4419
467  0  -31612
1  0  2304
2500  -25344  0
0  31767  19052
0  0  0
1332  0  0
-19821  6306  0
167  0  0
-2571  -2571  23931
308  255  0
0  0  0
1303  -5842  0
10000  -3584  0
-32382  0  0
0  31767  0
-2364  -24064  5093
0  0  0
196  0  19018
257  0  -15360
0  0  0
1  0  256
8497  1  -15164
1332  100  2304
-19821  6306  -27375
1455  26858  -515
100  0  2304
-19821  6306  -16449
2500  0  4096
13056  -15334  0
2500  0  24672
100  0  -20993
100  0  256
50  0  6721
0  31131  4608
25186  15229  13879
1332  2500  9529
0  0  -29042
1332  -5842  30863
100  0  0
0  0  14336
-29797  -22386  22036
0  0  1280
10000  0  -14252
4096  39  2
0  31767  0
10000  -3584  23387
10000  0  97
23644  23644  2500
256  256  0
452  0  4096
23644  -12196  -12080
1332  -5842  9529
0  31767  0
-27964  -17502  29646
258  2  2305
25601  1  0
-15355  9  0
0  2500  0
0  0  14337
100  0  22359
2500  0  9014
-30720  11520  512
0  0  -27319
0  31767  -32768
16  0  0
1  10000  0
10000  0  0
-2364  -24064  11832
528  13880  0
2  0  9737
253  0  256
-21758  -21589  0
0  0  0
-15358  9  0
0  1  0
0  256  0
1332  -5842  9529
0  31767  0
2  0  0
0  0  0
-15105  10000  19789
0  0  0
-7324  25637  0
9846  -27255  0
4039  25600  9
1455  26858  568
0  0  0
-11823  -11823  4112
1  0  28416
100  25601  0
-1436  3383  0
0  31767  -12791
0  -3583  0
432  0  -20304
0  0  0
0  256  0
-772  1  -23131
23644  23644  9
25670  0  31473
0  0  257
4174  39  0
1331  -5842  0
10000  -3584  0
8704  8738  0
100  0  255
4097  39  27904
-19821  0  -25958
12032  12079  12079
100  0  0
16645  -20076  -30208
0  0  0
1  12  5632
0  0  14336
2  0  -27500
0  0  2304
10000  0  -256
0  0  -256
25616  0  -1288
25796  0  11173
23644  100  -15026
0  31767  0
-4352  11520  -30070
660  0  0
13369  12343  0
-15355  5140  20
10000  -3584  0
23644  23644  2500
0  0  4097
196  19712  -29655
2  13312  0
-7109  100  32256
0  0  -15351
0  0  17367
0  0  0
-24524  -29616  9472
-24524  -29616  -29952
0  0  0
100  4096  0
-27904  211  0
0  0  8481
234  0  0
10000  -3584  0
-24524  -29616  9472
2515  196  12845
2  256  0
10000  0  6076
578  1  0
1  0  21845
1  255  9216
513  0  256
0  25600  29041
2500  0  0
0  2  -16646
0  -1  0
0  -14848  6952
2  0  0
100  0  23552
-2364  -24064  0
0  0  257
100  13101  0
3840  0  -1
-12959  0  23753
23644  23644  14125
-24524  -29616  9472
0  2  0
0  0  0
107  16384  0
0  25796  -29184
-15149  -515  -515
0  2  0
0  256  -258
100  512  26880
0  256  642
151  0  -6402
17157  660  0
0  0  16229
256  1  0
0  512  17219
16  0  0
0  31767  0
25602  0  -31488
0  0  0
2816  31143  2404
25656  10000  0
0  31767  0
100  0  0
0  100  0
2500  0  -16073
0  4864  22066
167  0  4419
16  0  0
16  -12851  -12860
1  0  0
2  25700  0
17157  660  -11180
4096  39  19052
196  0  512
16388  -3840  185
8738  8738  3328
0  27904  -19364
-19821  6306  0
0  0  14336
25600  0  0
12345  52  0
0  0  15499
2  11520  0
0  0  2513
255  0  0
512  0  -29454
0  0  0
12340  -15164  -31159
1531  0  32607
100  100  1102
0  0  17476
1455  26858  -3856
-8191  -8009  -15136
0  0  -29206
23552  320  42
0  -19276  0
10000  0  20046
1455  26826  14392
18  0  0
-13847  1  0
-11566  -11566  -11566
4182  -10120  -87
-8045  2  2500
0  0  0
0  0  0
0  11775  21845
1332  -5842  9529
-256  6  0
-18430  1  2
0  11570  31744
-24516  25680  9472
-15359  0  0
255  385  13107
0  0  0
0  -256  14336
8738  4130  3328
100  0  -26640
0  0  22648
1536  12792  0
15068  9961  3095
2500  1  0
0  0  256
250  0  0
0  31766  0
0  -256  14336
100  256  -27359
5  0  0
10000  1536  -15360
-30971  -26001  -18380
-19821  6307  0
1  0  0
258  8192  0
10000  0  32125
25600  0  29558
0  0  0
-27500  148  -27500
0  100  12854
2  0  -8031
1332  -5842  -31355
0  0  0
167  0  0
0  0  14336
0  0  2500
196  1  -11823
0  512  -5928
0  0  32256
167  0  67
2343  0  0
196  0  0
10000  0  256
255  100  0
512  13869  0
7168  503  -47
2  0  11565
0  0  14336
0  31767  0
0  -256  14336
14385  12594  12593
256  0  32125
-3085  0  0
0  25600  0
-2364  -24064  -1
0  0  0
2  0  0
0  512  100
256  0  0
17444  404  0
17157  100  0
0  0  0
0  0  14336
0  -256  14336
4112  39  -1
2  0  -24159
10000  -26112  -15164
5  0  193
32667  12853  1
0  0  0
196  0  0
100  0  0
0  0  29506
23644  23644  2500
0  256  -8183
261  19990  6425
6  0  0
-15358  25609  0
2  0  0
25600  0  0
0  0  0
24199  24158  24158
167  0  4419
-24524  -29616  9472
2  0  11565
0  0  0
0  11520  0
452  0  0
0  256  -18762
4100  39  0
0  0  0
2500  0  2304
-12389  27537  -17853
0  0  0
25605  0  1
31868  31868  124
0  0  0
23644  23644  2500
8738  -11998  0
12240  100  -30773
5  0  0
17157  -12140  0
1483  -5842  0
0  31976  -17152
167  0  4419
1455  26858  14523
0  -256  14336
100  0  0
-15193  -25555  -25444
-3328  -28152  0
0  0  0
0  0  1280
-19821  0  13360
18754  0  0
100  256  -26729
0  0  0
2482  -29986  17990
167  0  0
10000  0  -10024
0  0  -22505
2052  3855  -20667
-620  10000  257
8738  8738  3328
100  -32383  0
121  -10594  13534
0  0  2304
1332  -5842  -15421
2500  0  209
-32071  0  0
23296  -30950  22421
0  512  0
0  0  0
10000  -3584  -21185
1455  26858  14392
0  31767  0
-9456  39  0
-18942  9242  -3851
257  257  1
-19821  6306  0
10000  -3584  -28528
45  0  1
0  255  0
0  -26112  0
-17403  0  0
126  0  0
10000  -3584  0
-2364  -24064  5093
2  0  11309
0  0  16905
-4468  11576  14390
0  0  0
0  0  0
0  0  0
27115  26985  -8209
528  0  0
-15175  9  1
250  0  -28444
0  31767  0
2500  0  -22196
0  0  0
0  0  0
25601  25700  25700
0  0  14336
2  2304  512
0  0  0
0  0  0
4  256  0
-15355  2313  0
2  0  0
1332  -5842  -15164
0  0  0
-15181  9  0
0  0  -8832
0  0  -3856
72  0  0
23644  23644  2500
1455  26858  14392
-24524  -29616  9472
100  0  30692
1  0  -255
5397  5397  5397
48  0  25617
52  0  25700
0  0  8224
256  0  -11517
256  512  -19532
17157  -12140  12854
148  0  0
0  31767  0
100  0  0
0  256  0
-15360  9  -4352
19461  76  31538
-19821  6306  0
0  10000  0
8738  8738  3328
19046  0  0
17157  22016  -20304
17157  -12140  -28627
167  0  4419
1332  -5842  9529
-15359  9  -31283
100  0  30071
211  2500  0
-15360  9  -15351
-29812  121  -24900
15  0  9363
21555  10077  1692
0  0  17476
0  0  -27576
17157  0  7023
0  256  21074
140  0  12677
-19022  17402  2500
-29696  0  0
25600  0  0
1455  26858  0
256  23  0
14080  12594  100
25855  2500  -7968
17157  -12140  2268
28043  0  0
23644  23644  32134
4351  0  0
17157  25700  13617
2500  0  9252
1332  -210  0
0  0  9
0  0  9984
8738  8738  3328
0  -256  56
1  0  1024
0  4196  0
17157  0  7680
0  31767  -15351
2  -256  11565
0  0  14135
100  0  30036
17157  28624  3472
0  511  -16453
0  0  2513
2  0  0
0  0  10000
25666  0  -2571
256  256  10059
0  256  2500
2  0  29812
5186  13313  0
0  0  0
1  0  21845
0  0  0
25235  7548  -8946
0  0  0
0  0  0
0  0  0
0  0  -14651
1  0  0
0  0  0
0  31767  0
-25764  18881  -17621
2  0  11520
0  -22360  -22360
4140  104  0
100  16384  0
16  0  27238
2508  0  0
0  31767  0
23644  23644  0
57  0  0
2  0  176
511  2  0
0  512  2500
28  0  0
4098  13584  0
10000  -3584  0
0  0  9984
0  0  10000
20734  -16699  25000
0  0  0
0  0  0
32723  12577  -22360
-14136  -14136  13105
-17403  -6912  0
481  -9984  9984
-10752  -10538  0
0  0  -27681
32723  -24458  -15135
0  -19200  -10937
-15351  -23645  -23645
0  0  2513
0  0  0
1  7525  -10522
5  255  30
2  2  25700
0  0  0
0  0  9
11520  14386  2500
542  0  0
4096  0  0
2048  2  -27500
0  0  0
-17991  -17991  -17991
2  0  15946
0  0  20151
0  0  2513
-4096  0  -23980
-2544  1792  0
0  0  17476
21195  5911  0
2  0  27756
-3599  -3599  14640
-15358  9  -4864
-19821  6306  0
167  0  4419
55  0  -15268
0  0  0
25602  10000  0
0  0  0
0  512  0
100  0  0
-19821  6306  -515
1  0  5093
-271  2  221
0  0  17362
-22174  19961  0
45  0  26624
10000  0  23157
0  2  0
3  10000  -17220
-19821  6306  -15872
23644  23644  0
-24524  2  3871
30343  -19410  11151
-15360  0  -256
2500  16  3341
211  0  0
0  1  -18248
-156  2500  0
5  115  0
2  2  19179
0  256  0
0  0  2500
0  -255  16504
0  512  514
100  13824  2
0  512  27821
-22201  13731  28
-19821  6306  0
0  31767  0
4196  39  16384
4883  4883  2855
0  256  2
0  512  -15360
0  25600  0
-5887  22726  2
23644  23644  0
1332  -5842  9529
0  31767  15725
0  0  0
0  196  0
0  0  0
0  0  2
230  0  0
17157  -30060  26890
2  2  -20242
10000  -3584  0
-241  16  -11143
2560  9674  0
0  255  -29920
160  0  -23892
0  0  111
-12774  -4193  0
0  255  -13917
8738  8738  3328
0  0  1
-254  0  11565
16  0  25600
0  0  0
0  0  2304
-2364  -24064  0
212  -15360  0
116  0  29812
0  0  1024
75  0  -8739
59  -3143  20480
2  0  58
30812  13129  -19533
0  31767  0
0  -256  14336
10000  0  32382
512  1  -20304
104  0  10000
-256  258  0
0  0  -16640
0  94  0
-24064  449  0
1  0  0
17364  0  0
0  256  28795
1332  10000  13878
0  0  -27375
2  86  0
59  0  265
3  5632  0
23039  22873  8224
0  -32640  4096
10000  -8960  20078
0  0  0
18754  10371  13203
209  -13312  0
0  256  0
-26879  247  0
10128  0  512
0  100  0
0  0  2513
0  14080  0
0  19263  -25612
0  -31355  -31355
0  0  13621
17157  -27623  20303
0  512  0
23644  0  0
0  0  14336
2500  0  0
4067  762  0
356  813  9
0  0  0
512  512  0
5  0  0
2  0  11565
0  0  9984
-30408  579  256
2  0  27756
100  0  4096
5  2  0
28804  0  0
17157  -12140  2
2  2  1
23644  23644  2500
8738  8738  3328
55  255  0
256  0  2
-22527  -22360  168
-13568  23461  0
-17403  5  307
100  0  0
0  0  0
10000  -3584  512
0  0  0
1  0  0
0  0  0
2  0  2
5  0  -32126
18020  27099  111
0  2500  10238
-24524  -29616  9472
-12960  0  2
514  0  0
5  2  768
17158  -256  20286
9180  -9083  -13512
2  0  0
0  256  160
14134  51  -14873
0  0  0
4351  -22103  -22103
27  0  0
517  0  19202
2  0  11565
0  0  9984
2  0  -19019
0  0  0
-15355  0  4135
0  0  10000
1  0  0
255  18199  27732
0  0  14336
13369  4098  -18426
2  0  0
0  10000  0
9984  6726  56
15682  -25744  0
254  512  0
-15052  0  61
2  2  0
0  0  -17986
32708  -24458  32059
196  5911  0
10000  0  0
17157  100  0
148  4096  0
0  0  0
2500  0  0
0  255  10000
-13108  11724  14540
51  0  0
17157  -12140  2
-20990  -20818  -20818
-19821  6306  0
0  39  100
1332  -5842  9529
0  0  0
0  0  0
25796  0  0
32723  -24458  0
130  0  0
-15355  9  7023
17157  -12140  2268
0  0  1
0  0  0
7168  7196  7196
-11279  187  16
0  0  25600
-15355  9  0
-21846  -21846  -21846
2  2  0
0  31767  19052
10000  0  11308
0  31767  0
0  0  0
0  0  9984
30477  1  0
-32768  526  0
211  -23722  100
41  0  0
514  0  -28627
0  0  213
0  0  0
8738  8738  3328
256  0  -31714
-28862  11536  11565
0  256  2
0  0  0
10000  2  13624
898  0  0
11  0  0
0  256  0
167  -29749  4419
0  0  11565
0  25600  9984
0  0  6656
0  0  0
100  0  0
514  514  514
-15164  -15164  -15164
2  -14846  25770
0  0  0
0  0  14336
-24524  -29616  0
8738  8738  3328
-10806  0  16339
0  0  0
0  0  0
2  0  -20480
1  0  -31080
514  0  -24238
2  2  0
0  0  2513
2  0  0
2  0  0
-8739  -8739  -8739
0  0  0
4097  39  0
-3840  0  255
2  2  -10024
-19821  6306  0
167  0  4419
0  0  -14791
0  0  5397
-15294  0  0
18175  26942  0
0  1  0
-129  0  0
5  -9253  -9253
5  100  0
2  2  188
0  31767  0
-13568  0  0
0  -10866  0
0  0  -15688
-15387  37  0
0  0  25606
5  100  0
2500  0  2500
0  0  2513
0  256  512
12  0  -25958
10000  0  0
0  14336  14392
-23914  -8739  24026
17157  -12140  0
23644  23644  0
-24524  -29616  9472
10001  1  -21098
255  15103  -8960
-10659  514  0
2500  0  0
-7168  -5143  25700
564  0  -1966
2  2  -4627
-19821  -22727  2757
0  0  2513
128  4351  0
0  0  3855
13364  -28528  0
452  1  0
-32768  -12140  0
2080  0  0
4527  26858  20893
8738  8738  4626
100  14392  14392
4178  196  0
2  100  13113
100  0  9
0  0  0
100  256  9
0  0  256
257  0  14385
0  512  -17991
2  0  0
19202  -3044  100
5  0  -28627
0  25600  -5912
23644  18504  72
0  0  2304
0  0  9984
-23552  512  29054
3  -2972  9766
10000  0  -27500
12805  4096  0
512  0  0
4257  74  14388
0  -19712  2513
0  0  0
256  0  25600
0  12800  0
17157  -12140  0
-27643  -27500  -27500
17157  0  0
212  0  -11052
0  23  -15095
1  -11740  0
18498  18761  0
0  256  0
-256  512  15769
100  0  0
23045  0  18182
0  16  21853
8738  0  3328
0  0  100
0  0  -5945
2  3  25600
0  -256  23130
5  2  0
1332  -5842  57
-15312  9  0
8122  0  -23296
514  0  0
1  100  0
12345  13365  20461
25605  0  -25036
0  512  0
0  0  9
23644  27811  0
12589  12600  0
66  -256  0
4096  551  0
11520  14392  0
17157  11623  31501
100  0  0
1332  2  0
0  0  10000
0  0  -20561
2  0  0
0  2  0
211  1  20303
0  0  0
100  0  0
12342  13365  0
1332  -8595  -26809
2  2306  0
0  2500  0
196  0  0
23644  23644  2363
0  0  0
255  0  0
0  13568  13621
-8445  5669  6425
512  0  511
17157  -12140  -19533
0  0  0
0  256  0
0  31767  0
0  128  0
22842  4103  0
-8948  0  -9182
30583  30583  -27500
517  0  0
17157  -12140  10180
0  0  0
2  25602  0
0  0  2513
0  0  2
0  1  0
4105  3341  0
272  25600  0
6425  -29676  19661
2500  0  0
0  0  0
167  0  4518
0  51  -27500
527  0  2500
0  0  -81
4608  0  0
4  0  0
