-16531  140737488342224  140737353704888  140737488342208  -16510  0  0
-16531  140737488342224  140737353704888  140737488342208  -16510  -24052  -23724
-16531  140737488342224  140737353704888  140737488342208  -16510  -24052  -23724
-16531  140737488342224  140737353704888  140737488342208  -16510  -24052  -23724
-16531  140737488342224  140737353704888  140737488342208  -16510  -24052  -23724
-5824  140737488342224  140737353704888  140737488342208  -2601  0  0
-5824  140737488342224  140737353704888  140737488342208  -2601  -23100  -904
-5824  140737488342224  140737353704888  140737488342208  -2601  -23100  -904
-5824  140737488342224  140737353704888  140737488342208  -2601  -23100  -904
-5824  140737488342224  140737353704888  140737488342208  -2601  -23100  -904
0  140737488342224  140737353704888  140737488342208  0  0  0
0  140737488342224  140737353704888  140737488342208  0  0  0
0  140737488342224  140737353704888  140737488342208  0  0  0
0  140737488342224  140737353704888  140737488342208  0  0  0
0  140737488342224  140737353704888  140737488342208  0  0  0
-13388  140737488342224  140737353704888  140737488342208  30233  0  0
-13388  140737488342224  140737353704888  140737488342208  30233  -7139  19144
11857  -25969  0  0  0  0  0
11857  -25969  17332  -2713  0  0  0
11857  -25969  17332  -2713  14142  229  0
11857  -25969  17332  -2713  14142  229  -22304
11857  -25969  17332  -2713  14142  229  -22304
27721  -17405  0  0  0  0  0
27721  -17405  29397  -32443  0  0  0
27721  -17405  29397  -32443  -16486  -13351  0
27721  -17405  29397  -32443  -16486  -13351  -30308
27721  -17405  29397  -32443  -16486  -13351  -30308
0  0  0  0  0  0  0
0  0  0  0  0  0  0
0  0  0  0  0  0  0
0  0  0  0  0  0  0
0  0  0  0  0  0  0
13352  1219  0  0  0  0  0
13352  1219  -1671  15895  0  0  0
13352  1219  -1671  15895  -20532  27190  0
13352  1219  -1671  15895  -20532  27190  -1799
13352  1219  -1671  15895  -20532  27190  -1799
27441  8984  0  0  0  0  0
27441  8984  13756  -25363  0  0  0
27441  8984  13756  -25363  5016  -13333  0
27441  8984  13756  -25363  5016  -13333  2192
27441  8984  13756  -25363  5016  -13333  2192
0  0  0  0  0  0  0
0  0  0  0  0  0  0
0  0  0  0  0  0  0
0  0  0  0  0  0  0
0  0  0  0  0  0  0
3500  27499  27499  27499  27499  27499  27499
3328  25260  -31598  -28014  0  256  15934
47  0  3500  0  1  0  0
0  256  3500  -6870  18506  507  29
1  0  -20335  29923  15173  241  0
-24416  -24416  -24416  160  -21504  13  -24416
