20264  140737488342224  140737353704888  140737488342208  -29621  0  0
20264  140737488342224  140737353704888  140737488342208  -29621  7906  -17140
20264  140737488342224  140737353704888  140737488342208  -29621  7906  -17140
20264  140737488342224  140737353704888  140737488342208  -29621  7906  -17140
20264  140737488342224  140737353704888  140737488342208  -29621  7906  -17140
-20500  140737488342224  140737353704888  140737488342208  16003  0  0
-20500  140737488342224  140737353704888  140737488342208  16003  -1114  -2104
-20500  140737488342224  140737353704888  140737488342208  16003  -1114  -2104
-20500  140737488342224  140737353704888  140737488342208  16003  -1114  -2104
-20500  140737488342224  140737353704888  140737488342208  16003  -1114  -2104
0  140737488342224  140737353704888  140737488342208  0  0  0
0  140737488342224  140737353704888  140737488342208  0  0  0
0  140737488342224  140737353704888  140737488342208  0  0  0
0  140737488342224  140737353704888  140737488342208  0  0  0
0  140737488342224  140737353704888  140737488342208  0  0  0
-17846  140737488342224  140737353704888  140737488342208  11307  0  0
-17846  140737488342224  140737353704888  140737488342208  11307  21046  -219
-17846  140737488342224  140737353704888  140737488342208  11307  21046  -219
-17846  140737488342224  140737353704888  140737488342208  11307  21046  -219
-17846  140737488342224  140737353704888  140737488342208  11307  21046  -219
-1978  140737488342224  140737353704888  140737488342208  -29507  0  0
-1978  140737488342224  140737353704888  140737488342208  -29507  11310  -31285
-1978  140737488342224  140737353704888  140737488342208  -29507  11310  -31285
-1978  140737488342224  140737353704888  140737488342208  -29507  11310  -31285
-1978  140737488342224  140737353704888  140737488342208  -29507  11310  -31285
0  140737488342224  140737353704888  140737488342208  0  0  0
0  140737488342224  140737353704888  140737488342208  0  0  0
0  140737488342224  140737353704888  140737488342208  0  0  0
0  140737488342224  140737353704888  140737488342208  0  0  0
0  140737488342224  140737353704888  140737488342208  0  0  0
0  140737488342224  140737353704888  140737488342208  256  0  0
0  140737488342224  140737353704888  140737488342208  0  0  0
-15359  140737488342224  140737353704888  140737488342208  9  0  0
0  140737488342224  140737353704888  140737488342208  0  0  1
255  140737488342224  140737353704888  140737488342208  256  0  0
0  140737488342224  140737353704888  140737488342208  1  0  0
11520  140737488342224  140737353704888  140737488342208  309  -15164  2500
256  140737488342224  140737353704888  140737488342208  2500  256  0
40  140737488342224  140737353704888  140737488342208  0  0  0
256  140737488342224  140737353704888  140737488342208  16705  16705  16705
16639  140737488342224  140737353704888  140737488342208  1  -32768  0
11520  140737488342224  140737353704888  140737488342208  309  -15164  2500
2500  140737488342224  140737353704888  140737488342208  0  25497  236
4104  140737488342224  140737353704888  140737488342208  39  0  2
-1822  -26411  0  0  0  0  0
-1822  -26411  -27886  32543  0  0  0
-1822  -26411  -27886  32543  11566  14745  0
-1822  -26411  -27886  32543  11566  14745  14527
-1822  -26411  -27886  32543  11566  14745  14527
24899  -29636  0  0  0  0  0
24899  -29636  28362  -21649  0  0  0
24899  -29636  28362  -21649  21667  29005  0
24899  -29636  28362  -21649  21667  29005  -22036
24899  -29636  28362  -21649  21667  29005  -22036
0  0  0  0  0  0  0
0  0  0  0  0  0  0
0  0  0  0  0  0  0
0  0  0  0  0  0  0
0  0  0  0  0  0  0
32377  18793  0  0  0  0  0
32377  18793  6330  11077  0  0  0
32377  18793  6330  11077  -1737  -31660  0
32377  18793  6330  11077  -1737  -31660  -32552
32377  18793  6330  11077  -1737  -31660  -32552
28920  -9114  0  0  0  0  0
28920  -9114  20285  4141  0  0  0
28920  -9114  20285  4141  -3328  -14107  0
28920  -9114  20285  4141  -3328  -14107  -2749
28920  -9114  20285  4141  -3328  -14107  -2749
0  0  0  0  0  0  0
0  0  0  0  0  0  0
0  0  0  0  0  0  0
0  0  0  0  0  0  0
0  0  0  0  0  0  0
-21504  269  0  0  0  0  -14337
172  0  10000  4096  39  0  256
428  0  4096  39  0  0  0
17990  -28812  17974  -15802  18083  17990  4096
4232  -29657  0  14848  46  -22889  -19757
-10224  16  0  10000  0  0  0
0  0  0  0  0  0  256
1  3500  10000  0  0  0  0
17990  -28812  -2762  -15802  18083  17990  4096
10000  16  0  0  1  0  30052
1  0  9  -7680  0  -4097  -17424
0  0  0  0  -21491  0  0
-647  -19986  25768  30383  246  9623  673
3500  0  0  0  4096  6388  0
1  0  10000  10023  3328  0  0
3500  0  0  0  4096  39  256
17990  0  256  -15802  18083  17990  4096
248  256  -35  0  0  1  22554
0  0  0  0  -21491  0  0
6425  6425  6425  9241  181  0  0
-7595  -12179  -31028  -13397  10000  0  -15971
3500  13361  14136  -21454  13  0  3328
1  0  9  -7680  0  -4097  0
-17726  3707  27767  2856  0  0  24928
10000  0  0  1  0  0  39
-189  0  0  0  0  0  3328
0  0  -8977  26192  -297  -27649  981
0  0  0  9984  16  0  0
-24446  10000  172  22417  32716  15675  28379
-10224  16  255  0  0  9984  0
172  0  0  9984  13328  0  0
12339  1  5911  10000  0  0  0
-20850  -2123  1941  -16662  23483  15601  22895
1025  4096  39  0  -21504  13  27381
16  0  256  13101  4150  11520  4135
-21332  28784  28784  0  256  28673  -21491
3500  0  0  255  4096  39  0
67  -16419  56  1  0  0  13
10000  -256  0  0  9984  14096  0
4096  39  0  0  0  4268  0
17990  -28812  17974  -15802  -23645  -23645  11822
1  0  9  -7425  0  -4097  -17424
0  0  256  0  0  1  -6569
-5194  -27619  -20122  -32532  -30983  -20211  -10369
16  256  0  172  0  0  172
-16212  -16192  -21312  13  0  0  9984
-16212  -16192  -21312  13  0  -21504  9984
415  0  0  0  0  0  0
11520  11565  11565  11565  11565  11565  11565
4141  39  0  0  13824  12342  0
1  0  -18351  -7680  0  -4097  -17424
3500  0  0  255  4096  39  0
235  0  1  14290  49  10000  -5632
100  0  0  0  -6740  -10836  3500
0  0  0  0  0  0  0
-15188  28571  28005  -10937  13649  9467  1
-10224  272  0  0  0  9984  28013
16  25600  0  0  0  11520  4135
4306  39  0  0  0  0  0
21  14381  13620  13107  54  -256  0
4268  39  0  0  0  0  0
24899  -25540  256  -2518  2882  -21312  -8718
11521  14392  25600  0  0  0  0
0  0  0  0  0  0  0
11587  55  0  0  0  -23295  0
0  -10240  -21494  13  0  0  0
0  0  0  0  1  0  0
8361  13568  13625  12848  12339  14645  0
-10224  16  0  4112  39  0  0
172  0  10000  4096  39  0  0
17990  -28812  1  0  0  0  0
-2304  -26411  0  0  0  0  0
257  31488  0  256  17961  -30653  0
0  0  20224  20303  20303  20303  20303
212  0  0  3328  172  -1792  100
0  25600  0  25600  0  0  0
172  0  0  3328  4268  39  256
172  0  4112  39  0  0  0
3500  0  0  -1  -1  -1  -1
1  -9728  -30126  -30907  -3236  29011  163
31097  0  0  0  0  9984  20722
4097  13613  -14283  52  3500  3500  0
172  0  0  9984  4112  -217  3500
356  0  0  0  4096  14096  512
0  14906  14650  14906  14906  14906  14906
0  9767  10023  10023  10023  10023  10023
-1822  10745  -8644  -24961  9838  13952  0
0  0  -21332  13  15890  975  12763
24676  24672  24672  24672  352  0  0
0  0  0  9984  10000  13584  0
24899  -32668  0  0  0  13357  0
24899  -21444  13  1  0  13  0
0  0  0  -21491  0  0  0
67  10000  0  0  0  0  0
144  0  -28528  25733  2048  256  0
1  0  2  -16946  -21276  13  0
254  -11776  155  0  0  100  -21491
-23892  418  0  0  0  7680  100
1  0  9  -7680  0  15359  19941
-647  -19986  25512  30383  246  9623  673
3500  0  0  0  13  0  3328
-1  -1  14649  13369  55  9984  0
0  256  -21260  13  0  0  4135
4167  39  0  512  0  13568  512
13  0  1  -21504  10000  0  -21503
0  256  31232  31097  3500  0  0
255  0  0  0  0  0  0
-647  -19986  25768  30383  246  9623  673
10000  0  -22784  26121  -17454  -21906  -2150
4351  -3801  -3599  0  0  0  10000
-6169  -6169  -6169  -6169  -6169  -6169  -6169
45  0  0  3328  13228  12597  0
1  0  0  0  172  0  0
-16212  -16192  -21312  13  0  0  9984
0  0  4096  39  0  0  0
-18110  1  0  100  -15678  -15678  -15678
10000  256  0  0  0  1  3500
257  0  0  0  0  0  0
6681  6425  6425  0  512  0  1
0  0  3500  0  0  0  0
3500  13361  56  -16192  -16192  -16192  -16192
0  0  0  256  0  0  0
14659  10  1  0  0  0  0
-2429  147  4096  7  -23388  676  -1
60  0  25855  0  0  0  0
24899  15  0  367  -14336  0  0
528  0  0  0  0  0  0
0  0  2  -31132  31521  16969  -9725
272  0  10000  0  0  0  9984
1  0  9  -7680  0  0  4391
3500  0  0  0  4096  39  256
3500  13361  568  0  0  0  3328
12845  0  1  0  0  0  0
-175  512  3500  0  0  0  0
67  100  0  0  0  3855  0
1  0  0  0  0  0  0
0  0  0  9984  -31472  0  0
0  30368  0  0  0  256  -17008
-21488  13  0  0  0  0  0
3500  13361  14136  -21454  13  0  3328
-16171  -16192  -21312  13  0  0  9984
-21404  0  256  12  0  0  0
67  256  0  256  0  0  0
21249  0  256  0  -16192  -16192  -16192
0  0  3500  0  100  0  0
214  0  0  0  0  0  0
3492  32512  11566  153  3500  0  32125
10000  256  0  0  256  0  0
149  0  -27390  149  0  0  0
140  17198  48  0  0  11520  0
15383  100  31612  1  -256  0  -21491
2  0  0  3328  172  0  0
26587  1  0  0  0  9984  0
0  0  0  0  0  0  0
-21278  -8628  -8112  -25208  -23127  -3403  -4627
10000  512  0  -20736  -4313  0  0
3500  13361  14136  0  0  0  0
-256  -256  2  0  1  0  100
512  514  514  514  514  514  0
0  0  20560  25641  0  256  -21312
