-27959  0  19325  0  0
-27959  -7987  19325  27406  0
-27959  -7987  19325  27406  -17520
-27959  -7987  19325  27406  -17520
-27959  -7987  19325  27406  -17520
331  0  12290  0  0
331  32503  12290  19305  0
2633  0  -10260  0  0
2633  9063  -10260  11650  0
2633  9063  -10260  11650  8165
2633  9063  -10260  11650  8165
2633  9063  -10260  11650  8165
-23244  0  17356  0  0
-23244  23820  17356  -25253  0
-23244  23820  17356  -25253  -4791
-23244  23820  17356  -25253  -4791
-23244  23820  17356  -25253  -4791
0  0  0  0  0
0  0  0  0  0
0  0  0  0  0
0  0  0  0  0
0  0  0  0  0
32504  0  -13592  0  0
32504  -25817  -13592  -20521  0
32504  -25817  -13592  -20521  3087
32504  -25817  -13592  -20521  3087
32504  -25817  -13592  -20521  3087
-11179  0  -12835  0  0
-11179  10956  -12835  -21226  0
-11179  10956  -12835  -21226  4959
-11179  10956  -12835  -21226  4959
-11179  10956  -12835  -21226  4959
0  0  0  0  0
0  0  0  0  0
0  0  0  0  0
0  0  0  0  0
0  0  0  0  0
0  1  0  0  512
226  0  0  0  257
0  0  256  0  0
257  0  0  0  0
0  0  512  0  0
0  0  1  3840  3855
0  1  256  256  1
256  256  0  -18671  391
322  32000  0  32125  0
0  256  0  -23869  -182
262  0  256  0  256
0  256  1  0  0
-23244  256  0  17356  -5141
255  257  0  -18671  391
1  1  0  0  0
-5912  0  -280  0  0
0  1  256  -32768  -69
1  256  0  0  0
0  0  1  21761  1
311  0  0  0  1
464  -12288  0  -12080  28784
0  0  0  0  0
1  19913  0  0  256
254  14390  11520  257  0
22639  0  17203  0  0
22639  -16612  17203  -11189  0
22639  -16612  17203  -11189  7392
22639  -16612  17203  -11189  7392
22639  -16612  17203  -11189  7392
-29765  0  -32561  0  0
-29765  -1371  -32561  11289  0
-29765  -1371  -32561  11289  28737
-29765  -1371  -32561  11289  28737
-29765  -1371  -32561  11289  28737
0  0  0  0  0
0  0  0  0  0
0  0  0  0  0
0  0  0  0  0
0  0  0  0  0
22811  0  29587  0  0
22811  4723  29587  -22594  0
22811  4723  29587  -22594  20323
22811  4723  29587  -22594  20323
22811  4723  29587  -22594  20323
-6345  0  -6392  0  0
-6345  2915  -6392  1288  0
-6345  2915  -6392  1288  -3219
-6345  2915  -6392  1288  -3219
-6345  2915  -6392  1288  -3219
0  0  0  0  0
0  0  0  0  0
0  0  0  0  0
0  0  0  0  0
0  0  0  0  0
22605  30868  -5016  -12277  21798
-12032  12079  24654  12079  12079
1  0  0  1  0
0  0  0  1  0
-10396  15731  -1226  1  0
1  256  0  257  257
-32401  -20561  -20561  -20561  21167
12845  12845  0  0  0
-12337  1  -12337  0  30798
0  256  0  257  -512
256  31868  31745  31868  0
-2764  0  5232  0  0
-2764  -25490  5232  -16856  0
-2764  -25490  5232  -16856  -1295
-2764  -25490  5232  -16856  -1295
-2764  -25490  5232  -16856  -1295
-13740  0  2405  0  0
-13740  22459  2405  -15235  0
-13740  22459  2405  -15235  -6778
-13740  22459  2405  -15235  -6778
-13740  22459  2405  -15235  -6778
0  0  0  0  0
0  0  0  0  0
0  0  0  0  0
0  0  0  0  0
0  0  0  0  0
-3635  0  24357  0  0
-3635  22436  24357  -13364  0
-3635  22436  24357  -13364  31795
-3635  22436  24357  -13364  31795
-3635  22436  24357  -13364  31795
15463  0  -20925  0  0
15463  3384  -20925  -11842  0
15463  3384  -20925  -11842  3
15463  3384  -20925  -11842  3
15463  3384  -20925  -11842  3
0  0  0  0  0
0  0  0  0  0
0  0  0  0  0
0  0  0  0  0
0  0  0  0  0
256  0  0  0  0
16414  0  0  0  0
0  0  0  0  4134
254  26673  11536  0  0
1  0  0  0  -8151
28160  -21933  -20580  -13014  19045
-12594  256  206  0  0
-6707  0  147  0  0
254  0  0  10239  16
14  0  0  0  0
0  0  256  0  0
256  0  0  -3880  -21568
255  0  0  0  1
0  -17664  0  0  0
1  1  256  0  0
14392  12337  13623  256  0
0  0  0  0  0
0  0  0  0  0
12339  0  0  0  4135
0  15479  0  -29627  13471
0  512  0  1  15618
0  0  512  768  0
1  0  0  0  0
256  0  0  0  0
28160  -21933  -20580  -13014  -26787
0  0  1  0  0
28298  -30067  -1767  138  0
205  256  9  3057  24357
28160  0  -20580  256  -21933
12552  12343  13368  -27142  -5385
18704  -28528  0  -28528  -28528
10000  159  1  0  -256
22232  -19060  0  0  0
22232  -19060  22150  -13023  0
22232  -19060  22150  -13023  0
22232  -19060  22150  -13023  -12313
22232  -19060  22150  -13023  -12313
998  -11437  0  0  0
998  -11437  -5947  9966  0
998  -11437  -5947  9966  0
998  -11437  -5947  9966  11850
998  -11437  -5947  9966  11850
0  0  0  0  0
0  0  0  0  0
0  0  0  0  0
0  0  0  0  0
0  0  0  0  0
32142  15585  0  0  0
32142  15585  20317  961  0
