21227  -26754
21227  -26754
21227  -26754
21227  -26754
21227  -26754
-7747  -2486
18036  9341
18036  9341
18036  9341
18036  9341
18036  9341
21826  19281
21826  19281
21826  19281
21826  19281
21826  19281
0  0
0  0
0  0
0  0
0  0
-3460  21713
-3460  21713
-3460  21713
-3460  21713
-3460  21713
-11181  -16748
-28330  -12151
23177  -12768
23177  -12768
23177  -12768
23177  -12768
23177  -12768
23161  23371
23161  23371
23161  23371
23161  23371
23161  23371
0  0
0  0
0  0
0  0
0  0
10336  4260
10336  4260
10336  4260
10336  4260
10336  4260
-9477  3350
-9477  3350
-9477  3350
-9477  3350
-9477  3350
0  0
0  0
0  0
0  0
0  0
0  511
12800  256
256  0
0  1
1  -13732
17885  0
17885  0
17885  0
17885  26390
17885  26390
3376  0
3376  0
3376  0
3376  8830
3376  8830
0  0
0  0
0  0
0  0
0  0
10899  0
10899  0
10899  0
10899  29761
10899  29761
28501  0
28501  0
28501  0
28501  29970
28501  29970
0  0
0  0
0  0
0  0
0  0
1  256
22616  22616
258  12336
2313  0
513  2056
489  1
1  514
0  28270
2  0
0  -17204
489  1
30  0
1  256
2  0
0  2
13568  -19732
4352  0
0  6801
4073  1
-16128  0
