4631  30723  0
4631  30723  -7692
4631  30723  -7692
4631  30723  -7692
4631  30723  -7692
23189  -11157  0
23189  -11157  -13903
23189  -11157  -13903
23189  -11157  -13903
23189  -11157  -13903
0  0  0
0  0  0
0  0  0
0  0  0
0  0  0
-30176  13116  0
-30176  13116  -17824
-30176  13116  -17824
-30176  13116  -17824
-30176  13116  -17824
-31513  15576  0
-31513  15576  -13118
-31513  15576  -13118
-31513  15576  -13118
-31513  15576  -13118
0  0  0
0  0  0
0  0  0
0  0  0
0  0  0
404  0  0
1  0  0
-27137  -6345  3
10023  10024  10023
999  0  0
10000  0  0
10000  -256  0
231  0  0
10000  0  256
-6425  -6169  -6169
257  257  4097
-19249  -31923  0
-19249  -31923  -28754
-19249  -31923  -28754
-19249  -31923  -28754
-19249  -31923  -28754
16749  -25554  0
16749  -25554  6722
16749  -25554  6722
16749  -25554  6722
16749  -25554  6722
0  0  0
0  0  0
0  0  0
0  0  0
0  0  0
13414  -29060  0
13414  -29060  -15427
13414  -29060  -15427
13414  -29060  -15427
13414  -29060  -15427
9374  -3071  0
9374  -3071  18771
-7111  11702  0
-7111  11702  5102
-7111  11702  5102
-7111  11702  5102
-7111  11702  5102
-15685  -19813  0
-15685  -19813  17033
1530  19313  0
1530  19313  -7860
1530  19313  -7860
1530  19313  -7860
1530  19313  -7860
9585  -573  0
9585  -573  32450
-16951  -16187  0
-16951  -16187  0
-16951  -16187  0
-16951  -16187  -7510
-16951  -16187  -7510
21513  15890  0
21513  15890  0
21513  15890  0
21513  15890  24561
21513  15890  24561
0  0  0
0  0  0
0  0  0
0  0  0
0  0  0
21497  17977  0
21497  17977  0
21497  17977  0
21497  17977  26335
21497  17977  26335
-31218  30734  0
