11015  0  140737353704888  140737488342208  4160739816  12192
11015  31335  140737353704888  140737488342208  4160739816  12192
11015  31335  140737353704888  140737488342208  4160739816  12192
11015  31335  140737353704888  140737488342208  4160739816  12192
11015  31335  140737353704888  140737488342208  4160739816  12192
-13293  0  140737353704888  140737488342208  4160739816  20143
-13293  -8491  140737353704888  140737488342208  4160739816  20143
-13293  -8491  140737353704888  140737488342208  4160739816  20143
-13293  -8491  140737353704888  140737488342208  4160739816  20143
-13293  -8491  140737353704888  140737488342208  4160739816  20143
0  0  140737353704888  140737488342208  4160739816  0
30472  29767  0  0  0  0
