24  26741  0  0
24  26741  6293  -17189
24  26741  6293  -17189
24  26741  6293  -17189
24  26741  6293  -17189
-31990  -2021  0  0
-31990  -2021  -4686  22513
-31990  -2021  -4686  22513
-31990  -2021  -4686  22513
-31990  -2021  -4686  22513
0  0  0  0
0  0  0  0
0  0  0  0
0  0  0  0
0  0  0  0
26934  18728  0  0
26934  18728  -13229  23943
26934  18728  -13229  23943
26934  18728  -13229  23943
26934  18728  -13229  23943
-5156  1731  0  0
-5156  1731  13655  -5858
-5156  1731  13655  -5858
-5156  1731  13655  -5858
-5156  1731  13655  -5858
0  0  0  0
0  0  0  0
0  0  0  0
0  0  0  0
0  0  0  0
1  0  -1  -256
-25701  -25701  0  -101
3071  0  0  0
2500  1  0  0
511  2304  25600  83
-15359  9  0  2500
0  -22016  -21846  -21846
196  0  0  0
1  0  -21846  -21846
0  256  0  1
0  0  0  0
-20639  1  100  12288
0  2500  0  0
-15290  -15164  -12348  -15165
0  0  0  0
25600  0  0  0
1  0  187  -5020
257  256  0  0
-9983  2048  -17408  2500
0  0  2304  0
100  -15360  -24832  9
256  0  0  0
-1154  -256  1  0
280  25348  0  0
0  127  451  0
196  4  0  0
100  0  0  0
196  0  0  1
196  1  0  1
24  15351  2500  0
100  0  0  0
511  0  0  0
25600  0  0  0
0  0  -256  0
426  0  -26876  -22016
511  2304  0  83
-30752  -421  0  0
-30752  -421  20900  -30868
-30752  -421  20900  -30868
-30752  -421  20900  -30868
-30752  -421  20900  -30868
-23658  30578  0  0
-23658  30578  -14803  22686
-4532  -5921  0  0
-4532  -5921  -22251  -24569
-4532  -5921  -22251  -24569
-4532  -5921  -22251  -24569
-4532  -5921  -22251  -24569
11674  -14278  0  0
11674  -14278  8137  -17795
11674  -14278  8137  -17795
11674  -14278  8137  -17795
11674  -14278  8137  -17795
0  0  0  0
0  0  0  0
0  0  0  0
0  0  0  0
0  0  0  0
10828  14680  0  0
10828  14680  16642  20638
10828  14680  16642  20638
10828  14680  16642  20638
10828  14680  16642  20638
17378  -19853  0  0
17378  -19853  -5044  21537
17378  -19853  -5044  21537
17378  -19853  -5044  21537
17378  -19853  -5044  21537
0  0  0  0
0  0  0  0
0  0  0  0
0  0  0  0
0  0  0  0
0  256  0  0
100  0  0  0
-4532  0  256  0
10000  10000  0  0
4352  100  255  0
75  4097  0  39
23250  -22365  0  0
23250  -22365  3019  0
