6443  -31356  0  140737353704888  140737488342208  4160739816
6443  -31356  -20796  140737353704888  140737488342208  4160739816
6443  -31356  -20796  140737353704888  140737488342208  4160739816
6443  -31356  -20796  140737353704888  140737488342208  4160739816
6443  -31356  -20796  140737353704888  140737488342208  4160739816
-15148  31081  0  140737353704888  140737488342208  4160739816
-15148  31081  3509  140737353704888  140737488342208  4160739816
-15148  31081  3509  140737353704888  140737488342208  4160739816
-15148  31081  3509  140737353704888  140737488342208  4160739816
-15148  31081  3509  140737353704888  140737488342208  4160739816
0  0  0  140737353704888  140737488342208  4160739816
0  0  0  140737353704888  140737488342208  4160739816
0  0  0  140737353704888  140737488342208  4160739816
0  0  0  140737353704888  140737488342208  4160739816
0  0  0  140737353704888  140737488342208  4160739816
23475  -8910  0  140737353704888  140737488342208  4160739816
23475  -8910  -32438  140737353704888  140737488342208  4160739816
23475  -8910  -32438  140737353704888  140737488342208  4160739816
23475  -8910  -32438  140737353704888  140737488342208  4160739816
23475  -8910  -32438  140737353704888  140737488342208  4160739816
-19138  -25475  0  140737353704888  140737488342208  4160739816
-19138  -25475  3127  140737353704888  140737488342208  4160739816
-19138  -25475  3127  140737353704888  140737488342208  4160739816
-19138  -25475  3127  140737353704888  140737488342208  4160739816
-19138  -25475  3127  140737353704888  140737488342208  4160739816
0  0  0  140737353704888  140737488342208  4160739816
0  0  0  140737353704888  140737488342208  4160739816
0  0  0  140737353704888  140737488342208  4160739816
0  0  0  140737353704888  140737488342208  4160739816
0  0  0  140737353704888  140737488342208  4160739816
4097  16384  0  140737353704888  140737488342208  4160739816
10000  0  0  140737353704888  140737488342208  4160739816
240  -255  256  140737353704888  140737488342208  4160739816
0  0  1  140737353704888  140737488342208  4160739816
-30430  4356  0  140737353704888  140737488342208  4160739816
25300  4316  -4096  140737353704888  140737488342208  4160739816
0  0  13  140737353704888  140737488342208  4160739816
18247  18247  0  140737353704888  140737488342208  4160739816
0  256  0  140737353704888  140737488342208  4160739816
452  0  0  140737353704888  140737488342208  4160739816
32256  -1  -1  140737353704888  140737488342208  4160739816
2500  0  0  140737353704888  140737488342208  4160739816
-15360  10000  0  140737353704888  140737488342208  4160739816
10000  -18432  508  140737353704888  140737488342208  4160739816
0  1280  4096  140737353704888  140737488342208  4160739816
0  0  2319  140737353704888  140737488342208  4160739816
0  0  0  140737353704888  140737488342208  4160739816
452  0  0  140737353704888  140737488342208  4160739816
2500  0  0  140737353704888  140737488342208  4160739816
203  0  4096  140737353704888  140737488342208  4160739816
119  0  0  140737353704888  140737488342208  4160739816
-3504  -32592  0  140737353704888  140737488342208  4160739816
0  11520  4301  140737353704888  140737488342208  4160739816
16  0  12891  140737353704888  140737488342208  4160739816
452  0  256  140737353704888  140737488342208  4160739816
127  0  0  140737353704888  140737488342208  4160739816
2500  0  -15360  140737353704888  140737488342208  4160739816
1  0  0  140737353704888  140737488342208  4160739816
27690  364  0  140737353704888  140737488342208  4160739816
0  0  0  140737353704888  140737488342208  4160739816
-15359  0  -24159  140737353704888  140737488342208  4160739816
1  0  0  140737353704888  140737488342208  4160739816
196  0  2  140737353704888  140737488342208  4160739816
-15305  9  0  140737353704888  140737488342208  4160739816
0  0  0  140737353704888  140737488342208  4160739816
27690  364  0  140737353704888  140737488342208  4160739816
0  -28064  -14856  140737353704888  140737488342208  4160739816
2500  -15344  9  140737353704888  140737488342208  4160739816
20022  4096  0  140737353704888  140737488342208  4160739816
1025  0  -256  140737353704888  140737488342208  4160739816
-15344  9  0  140737353704888  140737488342208  4160739816
452  0  0  140737353704888  140737488342208  4160739816
2500  0  0  140737353704888  140737488342208  4160739816
0  512  0  140737353704888  140737488342208  4160739816
16896  -15228  9  140737353704888  140737488342208  4160739816
0  256  100  140737353704888  140737488342208  4160739816
10000  13107  54  140737353704888  140737488342208  4160739816
25600  0  512  140737353704888  140737488342208  4160739816
25600  2500  0  140737353704888  140737488342208  4160739816
0  0  0  140737353704888  140737488342208  4160739816
1  0  452  140737353704888  140737488342208  4160739816
25600  0  512  140737353704888  140737488342208  4160739816
4283  38  28160  140737353704888  140737488342208  4160739816
-26284  6443  1  140737353704888  140737488342208  4160739816
27690  364  0  140737353704888  140737488342208  4160739816
20022  4096  0  140737353704888  140737488342208  4160739816
10000  0  0  140737353704888  140737488342208  4160739816
255  1024  115  140737353704888  140737488342208  4160739816
255  1  0  140737353704888  140737488342208  4160739816
0  4096  0  140737353704888  140737488342208  4160739816
3841  16384  0  140737353704888  140737488342208  4160739816
108  0  27649  140737353704888  140737488342208  4160739816
65  2500  32  140737353704888  140737488342208  4160739816
0  512  4196  140737353704888  140737488342208  4160739816
342  0  2500  140737353704888  140737488342208  4160739816
-27694  0  256  140737353704888  140737488342208  4160739816
4096  39  14336  140737353704888  140737488342208  4160739816
4097  39  0  140737353704888  140737488342208  4160739816
1  0  -3582  140737353704888  140737488342208  4160739816
-15360  2313  0  140737353704888  140737488342208  4160739816
452  0  0  140737353704888  140737488342208  4160739816
-12545  -20231  0  140737353704888  140737488342208  4160739816
1  0  0  140737353704888  140737488342208  4160739816
100  255  0  140737353704888  140737488342208  4160739816
-2  0  0  140737353704888  140737488342208  4160739816
-32551  25700  0  140737353704888  140737488342208  4160739816
-23020  0  100  140737353704888  140737488342208  4160739816
41  -8960  -8739  140737353704888  140737488342208  4160739816
74  0  0  140737353704888  140737488342208  4160739816
0  0  1  140737353704888  140737488342208  4160739816
0  0  -13824  140737353704888  140737488342208  4160739816
1  0  100  140737353704888  140737488342208  4160739816
12599  25656  100  140737353704888  140737488342208  4160739816
0  0  0  140737353704888  140737488342208  4160739816
4097  16384  0  140737353704888  140737488342208  4160739816
25300  -4132  -4096  140737353704888  140737488342208  4160739816
-15360  2313  0  140737353704888  140737488342208  4160739816
0  0  0  140737353704888  140737488342208  4160739816
0  512  23560  140737353704888  140737488342208  4160739816
67  0  10000  140737353704888  140737488342208  4160739816
0  0  256  140737353704888  140737488342208  4160739816
196  0  0  140737353704888  140737488342208  4160739816
100  0  10000  140737353704888  140737488342208  4160739816
2499  0  2500  140737353704888  140737488342208  4160739816
3841  256  0  140737353704888  140737488342208  4160739816
2817  256  10000  140737353704888  140737488342208  4160739816
256  10000  0  140737353704888  140737488342208  4160739816
27648  100  25600  140737353704888  140737488342208  4160739816
25616  0  0  140737353704888  140737488342208  4160739816
10000  0  0  140737353704888  140737488342208  4160739816
3841  16384  0  140737353704888  140737488342208  4160739816
4292  0  256  140737353704888  140737488342208  4160739816
25616  0  0  140737353704888  140737488342208  4160739816
-130  255  0  140737353704888  140737488342208  4160739816
0  512  18664  140737353704888  140737488342208  4160739816
0  10000  0  140737353704888  140737488342208  4160739816
289  0  2816  140737353704888  140737488342208  4160739816
-15360  2313  0  140737353704888  140737488342208  4160739816
179  0  0  140737353704888  140737488342208  4160739816
0  -15360  -243  140737353704888  140737488342208  4160739816
1  10000  0  140737353704888  140737488342208  4160739816
20022  4096  0  140737353704888  140737488342208  4160739816
-32512  0  0  140737353704888  140737488342208  4160739816
239  4096  39  140737353704888  140737488342208  4160739816
20580  1639  0  140737353704888  140737488342208  4160739816
0  3840  1  140737353704888  140737488342208  4160739816
0  0  0  140737353704888  140737488342208  4160739816
0  0  256  140737353704888  140737488342208  4160739816
-1334  -2815  22055  140737353704888  140737488342208  4160739816
-1  10000  0  140737353704888  140737488342208  4160739816
2501  256  256  140737353704888  140737488342208  4160739816
25616  0  -32512  140737353704888  140737488342208  4160739816
0  86  0  140737353704888  140737488342208  4160739816
18176  2500  0  140737353704888  140737488342208  4160739816
1  128  0  140737353704888  140737488342208  4160739816
10000  0  0  140737353704888  140737488342208  4160739816
0  0  0  140737353704888  140737488342208  4160739816
1  0  0  140737353704888  140737488342208  4160739816
4096  39  0  140737353704888  140737488342208  4160739816
100  0  100  140737353704888  140737488342208  4160739816
0  0  0  140737353704888  140737488342208  4160739816
25616  0  0  140737353704888  140737488342208  4160739816
-15360  2313  0  140737353704888  140737488342208  4160739816
0  0  0  140737353704888  140737488342208  4160739816
-30953  0  0  140737353704888  140737488342208  4160739816
0  -16640  0  140737353704888  140737488342208  4160739816
257  29440  115  140737353704888  140737488342208  4160739816
24  -27911  1287  140737353704888  140737488342208  4160739816
0  256  0  140737353704888  140737488342208  4160739816
10000  0  0  140737353704888  140737488342208  4160739816
964  25826  0  140737353704888  140737488342208  4160739816
0  0  2  140737353704888  140737488342208  4160739816
2817  2500  255  140737353704888  140737488342208  4160739816
452  12845  0  140737353704888  140737488342208  4160739816
25360  4  0  140737353704888  140737488342208  4160739816
-15164  1  0  140737353704888  140737488342208  4160739816
1  -30720  25728  140737353704888  140737488342208  4160739816
-256  -20983  0  140737353704888  140737488342208  4160739816
0  0  100  140737353704888  140737488342208  4160739816
0  1792  1799  140737353704888  140737488342208  4160739816
126  100  0  140737353704888  140737488342208  4160739816
299  0  16384  140737353704888  140737488342208  4160739816
-29951  257  27756  140737353704888  140737488342208  4160739816
2500  0  0  140737353704888  140737488342208  4160739816
100  0  0  140737353704888  140737488342208  4160739816
0  0  0  140737353704888  140737488342208  4160739816
25744  256  0  140737353704888  140737488342208  4160739816
-256  25700  25700  140737353704888  140737488342208  4160739816
-19277  -30841  -30841  140737353704888  140737488342208  4160739816
0  0  0  140737353704888  140737488342208  4160739816
100  0  0  140737353704888  140737488342208  4160739816
3598  6443  3598  140737353704888  140737488342208  4160739816
452  0  0  140737353704888  140737488342208  4160739816
-31612  -31612  -31612  140737353704888  140737488342208  4160739816
25300  4316  -4096  140737353704888  140737488342208  4160739816
10000  -256  -8962  140737353704888  140737488342208  4160739816
28416  17367  -27338  140737353704888  140737488342208  4160739816
16281  -23645  -23645  140737353704888  140737488342208  4160739816
-15360  0  25700  140737353704888  140737488342208  4160739816
0  0  256  140737353704888  140737488342208  4160739816
0  0  256  140737353704888  140737488342208  4160739816
25616  0  -32512  140737353704888  140737488342208  4160739816
0  0  30977  140737353704888  140737488342208  4160739816
256  0  0  140737353704888  140737488342208  4160739816
1  0  -17028  140737353704888  140737488342208  4160739816
4096  39  0  140737353704888  140737488342208  4160739816
-9703  2305  0  140737353704888  140737488342208  4160739816
298  0  1  140737353704888  140737488342208  4160739816
11308  11308  300  140737353704888  140737488342208  4160739816
0  0  0  140737353704888  140737488342208  4160739816
25600  0  512  140737353704888  140737488342208  4160739816
100  0  0  140737353704888  140737488342208  4160739816
2500  0  0  140737353704888  140737488342208  4160739816
100  0  0  140737353704888  140737488342208  4160739816
29298  -15246  9  140737353704888  140737488342208  4160739816
25779  0  0  140737353704888  140737488342208  4160739816
-4352  -15288  9  140737353704888  140737488342208  4160739816
0  0  0  140737353704888  140737488342208  4160739816
25616  0  1024  140737353704888  140737488342208  4160739816
1  2500  0  140737353704888  140737488342208  4160739816
1  0  0  140737353704888  140737488342208  4160739816
100  128  0  140737353704888  140737488342208  4160739816
-10795  -10795  2500  140737353704888  140737488342208  4160739816
23475  13357  12338  140737353704888  140737488342208  4160739816
16478  25600  0  140737353704888  140737488342208  4160739816
-30664  -27024  -924  140737353704888  140737488342208  4160739816
10000  14336  13875  140737353704888  140737488342208  4160739816
-256  -15360  -15164  140737353704888  140737488342208  4160739816
0  0  0  140737353704888  140737488342208  4160739816
-6656  -6426  -6426  140737353704888  140737488342208  4160739816
14392  14392  14392  140737353704888  140737488342208  4160739816
100  0  0  140737353704888  140737488342208  4160739816
23475  16  100  140737353704888  140737488342208  4160739816
23  0  256  140737353704888  140737488342208  4160739816
-15164  1  0  140737353704888  140737488342208  4160739816
2501  0  0  140737353704888  140737488342208  4160739816
2500  0  0  140737353704888  140737488342208  4160739816
3  0  0  140737353704888  140737488342208  4160739816
-25091  0  0  140737353704888  140737488342208  4160739816
0  0  512  140737353704888  140737488342208  4160739816
0  0  0  140737353704888  140737488342208  4160739816
4274  5  0  140737353704888  140737488342208  4160739816
1  0  -850  140737353704888  140737488342208  4160739816
1  0  0  140737353704888  140737488342208  4160739816
254  0  0  140737353704888  140737488342208  4160739816
0  255  13613  140737353704888  140737488342208  4160739816
256  0  -23902  140737353704888  140737488342208  4160739816
10000  -21760  -21589  140737353704888  140737488342208  4160739816
100  0  0  140737353704888  140737488342208  4160739816
2  0  0  140737353704888  140737488342208  4160739816
25813  1  -15360  140737353704888  140737488342208  4160739816
2500  0  0  140737353704888  140737488342208  4160739816
-15360  2313  0  140737353704888  140737488342208  4160739816
4167  0  256  140737353704888  140737488342208  4160739816
-15360  -247  256  140737353704888  140737488342208  4160739816
0  0  0  140737353704888  140737488342208  4160739816
256  0  1  140737353704888  140737488342208  4160739816
16731  16448  16640  140737353704888  140737488342208  4160739816
1  0  2  140737353704888  140737488342208  4160739816
1  2500  0  140737353704888  140737488342208  4160739816
0  512  -28635  140737353704888  140737488342208  4160739816
2501  256  256  140737353704888  140737488342208  4160739816
29812  2500  0  140737353704888  140737488342208  4160739816
0  13613  12855  140737353704888  140737488342208  4160739816
179  0  0  140737353704888  140737488342208  4160739816
0  512  512  140737353704888  140737488342208  4160739816
0  0  8  140737353704888  140737488342208  4160739816
0  -25916  25640  140737353704888  140737488342208  4160739816
3841  16384  255  140737353704888  140737488342208  4160739816
2501  256  256  140737353704888  140737488342208  4160739816
25600  0  512  140737353704888  140737488342208  4160739816
14644  0  0  140737353704888  140737488342208  4160739816
-32001  0  90  140737353704888  140737488342208  4160739816
22528  153  2  140737353704888  140737488342208  4160739816
-256  0  0  140737353704888  140737488342208  4160739816
179  0  0  140737353704888  140737488342208  4160739816
-13735  110  0  140737353704888  140737488342208  4160739816
25616  0  0  140737353704888  140737488342208  4160739816
0  -15164  -15164  140737353704888  140737488342208  4160739816
0  0  0  140737353704888  140737488342208  4160739816
10000  0  0  140737353704888  140737488342208  4160739816
-15360  9  0  140737353704888  140737488342208  4160739816
13869  0  0  140737353704888  140737488342208  4160739816
0  2  0  140737353704888  140737488342208  4160739816
2817  1  0  140737353704888  140737488342208  4160739816
25616  0  -32512  140737353704888  140737488342208  4160739816
20022  4096  0  140737353704888  140737488342208  4160739816
2500  -15344  9  140737353704888  140737488342208  4160739816
100  256  0  140737353704888  140737488342208  4160739816
-8960  -13918  0  140737353704888  140737488342208  4160739816
-256  179  512  140737353704888  140737488342208  4160739816
0  0  -19710  140737353704888  140737488342208  4160739816
-7197  -7197  -7197  140737353704888  140737488342208  4160739816
2499  0  0  140737353704888  140737488342208  4160739816
100  0  28317  140737353704888  140737488342208  4160739816
25796  0  0  140737353704888  140737488342208  4160739816
27690  364  0  140737353704888  140737488342208  4160739816
25600  0  512  140737353704888  140737488342208  4160739816
10000  -15314  9  140737353704888  140737488342208  4160739816
-15360  265  26464  140737353704888  140737488342208  4160739816
1  0  2  140737353704888  140737488342208  4160739816
128  10000  0  140737353704888  140737488342208  4160739816
0  42  0  140737353704888  140737488342208  4160739816
12995  14640  0  140737353704888  140737488342208  4160739816
3841  16384  0  140737353704888  140737488342208  4160739816
197  0  0  140737353704888  140737488342208  4160739816
2500  0  0  140737353704888  140737488342208  4160739816
0  1  -13466  140737353704888  140737488342208  4160739816
16972  2480  -16314  140737353704888  140737488342208  4160739816
0  25600  4096  140737353704888  140737488342208  4160739816
-4658  251  0  140737353704888  140737488342208  4160739816
16  0  0  140737353704888  140737488342208  4160739816
0  0  0  140737353704888  140737488342208  4160739816
2500  11692  14644  140737353704888  140737488342208  4160739816
12  198  0  140737353704888  140737488342208  4160739816
32257  255  -32512  140737353704888  140737488342208  4160739816
2500  25604  0  140737353704888  140737488342208  4160739816
0  0  0  140737353704888  140737488342208  4160739816
4209  0  0  140737353704888  140737488342208  4160739816
4112  4112  4112  140737353704888  140737488342208  4160739816
27690  364  0  140737353704888  140737488342208  4160739816
4097  16384  0  140737353704888  140737488342208  4160739816
0  -16896  596  140737353704888  140737488342208  4160739816
147  1  0  140737353704888  140737488342208  4160739816
4351  8231  0  140737353704888  140737488342208  4160739816
0  0  0  140737353704888  140737488342208  4160739816
-15360  0  0  140737353704888  140737488342208  4160739816
0  0  0  140737353704888  140737488342208  4160739816
3841  0  0  140737353704888  140737488342208  4160739816
-15360  2313  0  140737353704888  140737488342208  4160739816
25602  15282  31814  140737353704888  140737488342208  4160739816
-28741  -2537  -7620  140737353704888  140737488342208  4160739816
16  12800  0  140737353704888  140737488342208  4160739816
23  0  0  140737353704888  140737488342208  4160739816
179  0  353  140737353704888  140737488342208  4160739816
2500  -15344  9  140737353704888  140737488342208  4160739816
0  0  0  140737353704888  140737488342208  4160739816
-256  15914  -11008  140737353704888  140737488342208  4160739816
1  0  0  140737353704888  140737488342208  4160739816
2500  0  4212  140737353704888  140737488342208  4160739816
14129  5191  12755  140737353704888  140737488342208  4160739816
25600  0  0  140737353704888  140737488342208  4160739816
0  0  0  140737353704888  140737488342208  4160739816
3841  16384  0  140737353704888  140737488342208  4160739816
25616  -17734  -17734  140737353704888  140737488342208  4160739816
25616  0  -32512  140737353704888  140737488342208  4160739816
0  0  0  140737353704888  140737488342208  4160739816
255  4351  100  140737353704888  140737488342208  4160739816
16731  100  0  140737353704888  140737488342208  4160739816
513  512  0  140737353704888  140737488342208  4160739816
0  0  0  140737353704888  140737488342208  4160739816
55  0  0  140737353704888  140737488342208  4160739816
612  1  0  140737353704888  140737488342208  4160739816
196  -32408  748  140737353704888  140737488342208  4160739816
25616  0  0  140737353704888  140737488342208  4160739816
87  0  0  140737353704888  140737488342208  4160739816
0  0  0  140737353704888  140737488342208  4160739816
10113  25600  7179  140737353704888  140737488342208  4160739816
31167  -8354  -22463  140737353704888  140737488342208  4160739816
0  -256  -1  140737353704888  140737488342208  4160739816
0  25600  256  140737353704888  140737488342208  4160739816
2816  0  256  140737353704888  140737488342208  4160739816
0  255  0  140737353704888  140737488342208  4160739816
2  0  0  140737353704888  140737488342208  4160739816
-14336  255  -3587  140737353704888  140737488342208  4160739816
14080  0  14390  140737353704888  140737488342208  4160739816
25600  0  166  140737353704888  140737488342208  4160739816
0  0  0  140737353704888  140737488342208  4160739816
-15317  1  0  140737353704888  140737488342208  4160739816
0  0  0  140737353704888  140737488342208  4160739816
0  512  0  140737353704888  140737488342208  4160739816
116  0  0  140737353704888  140737488342208  4160739816
2500  0  0  140737353704888  140737488342208  4160739816
179  0  0  140737353704888  140737488342208  4160739816
28  1  0  140737353704888  140737488342208  4160739816
25609  0  0  140737353704888  140737488342208  4160739816
1  10000  -31743  140737353704888  140737488342208  4160739816
10000  0  0  140737353704888  140737488342208  4160739816
0  256  25384  140737353704888  140737488342208  4160739816
0  0  0  140737353704888  140737488342208  4160739816
1764  -13338  0  140737353704888  140737488342208  4160739816
0  256  0  140737353704888  140737488342208  4160739816
-19790  -19790  -19790  140737353704888  140737488342208  4160739816
12589  13625  0  140737353704888  140737488342208  4160739816
0  4096  2  140737353704888  140737488342208  4160739816
-17220  -17220  -17220  140737353704888  140737488342208  4160739816
255  0  0  140737353704888  140737488342208  4160739816
4222  10000  0  140737353704888  140737488342208  4160739816
-32412  4096  39  140737353704888  140737488342208  4160739816
1  25601  0  140737353704888  140737488342208  4160739816
2320  0  0  140737353704888  140737488342208  4160739816
0  512  10000  140737353704888  140737488342208  4160739816
452  0  0  140737353704888  140737488342208  4160739816
25616  256  255  140737353704888  140737488342208  4160739816
25300  4316  -4096  140737353704888  140737488342208  4160739816
2500  -15344  9  140737353704888  140737488342208  4160739816
4096  39  0  140737353704888  140737488342208  4160739816
2500  0  0  140737353704888  140737488342208  4160739816
0  0  0  140737353704888  140737488342208  4160739816
0  0  0  140737353704888  140737488342208  4160739816
100  -15360  100  140737353704888  140737488342208  4160739816
25616  25600  0  140737353704888  140737488342208  4160739816
4096  39  0  140737353704888  140737488342208  4160739816
511  100  100  140737353704888  140737488342208  4160739816
255  0  0  140737353704888  140737488342208  4160739816
179  0  0  140737353704888  140737488342208  4160739816
11522  25653  0  140737353704888  140737488342208  4160739816
452  0  1  140737353704888  140737488342208  4160739816
2501  256  256  140737353704888  140737488342208  4160739816
11072  2558  110  140737353704888  140737488342208  4160739816
2  4  -14590  140737353704888  140737488342208  4160739816
0  0  0  140737353704888  140737488342208  4160739816
0  0  0  140737353704888  140737488342208  4160739816
0  0  0  140737353704888  140737488342208  4160739816
4292  0  256  140737353704888  140737488342208  4160739816
25600  0  512  140737353704888  140737488342208  4160739816
-496  3  0  140737353704888  140737488342208  4160739816
0  0  0  140737353704888  140737488342208  4160739816
16  0  14389  140737353704888  140737488342208  4160739816
26085  0  10240  140737353704888  140737488342208  4160739816
0  0  0  140737353704888  140737488342208  4160739816
0  0  256  140737353704888  140737488342208  4160739816
25616  0  -32512  140737353704888  140737488342208  4160739816
0  257  31097  140737353704888  140737488342208  4160739816
0  256  435  140737353704888  140737488342208  4160739816
0  0  0  140737353704888  140737488342208  4160739816
256  0  -1  140737353704888  140737488342208  4160739816
4096  39  0  140737353704888  140737488342208  4160739816
1  23475  0  140737353704888  140737488342208  4160739816
0  11776  -1945  140737353704888  140737488342208  4160739816
452  0  0  140737353704888  140737488342208  4160739816
25616  0  -32512  140737353704888  140737488342208  4160739816
20022  4096  0  140737353704888  140737488342208  4160739816
4292  0  256  140737353704888  140737488342208  4160739816
0  0  255  140737353704888  140737488342208  4160739816
0  114  0  140737353704888  140737488342208  4160739816
4096  39  0  140737353704888  140737488342208  4160739816
0  2  100  140737353704888  140737488342208  4160739816
1024  255  0  140737353704888  140737488342208  4160739816
257  0  4096  140737353704888  140737488342208  4160739816
16  0  0  140737353704888  140737488342208  4160739816
26213  25957  25957  140737353704888  140737488342208  4160739816
3841  16384  0  140737353704888  140737488342208  4160739816
2500  -15344  0  140737353704888  140737488342208  4160739816
822  0  0  140737353704888  140737488342208  4160739816
-4100  27511  6355  140737353704888  140737488342208  4160739816
23475  -6606  -6426  140737353704888  140737488342208  4160739816
23219  0  0  140737353704888  140737488342208  4160739816
23475  -1280  0  140737353704888  140737488342208  4160739816
3841  16384  0  140737353704888  140737488342208  4160739816
25616  4096  99  140737353704888  140737488342208  4160739816
20022  4096  0  140737353704888  140737488342208  4160739816
2501  256  256  140737353704888  140737488342208  4160739816
25300  4316  -4096  140737353704888  140737488342208  4160739816
20704  8995  8995  140737353704888  140737488342208  4160739816
0  0  32256  140737353704888  140737488342208  4160739816
0  0  0  140737353704888  140737488342208  4160739816
0  0  0  140737353704888  140737488342208  4160739816
-19788  0  100  140737353704888  140737488342208  4160739816
0  0  0  140737353704888  140737488342208  4160739816
2817  256  10000  140737353704888  140737488342208  4160739816
27690  364  0  140737353704888  140737488342208  4160739816
3841  16384  0  140737353704888  140737488342208  4160739816
684  -9310  0  140737353704888  140737488342208  4160739816
25600  100  0  140737353704888  140737488342208  4160739816
1203  0  0  140737353704888  140737488342208  4160739816
100  -28941  -1736  140737353704888  140737488342208  4160739816
3856  -15321  9  140737353704888  140737488342208  4160739816
4  -15360  -15359  140737353704888  140737488342208  4160739816
1025  0  1  140737353704888  140737488342208  4160739816
25616  0  -32512  140737353704888  140737488342208  4160739816
2501  256  256  140737353704888  140737488342208  4160739816
2501  0  0  140737353704888  140737488342208  4160739816
0  2  0  140737353704888  140737488342208  4160739816
2820  2827  267  140737353704888  140737488342208  4160739816
19472  19532  19532  140737353704888  140737488342208  4160739816
2  -32768  0  140737353704888  140737488342208  4160739816
0  25600  0  140737353704888  140737488342208  4160739816
0  0  512  140737353704888  140737488342208  4160739816
2500  117  0  140737353704888  140737488342208  4160739816
2  0  0  140737353704888  140737488342208  4160739816
0  0  0  140737353704888  140737488342208  4160739816
1  -15358  9  140737353704888  140737488342208  4160739816
2500  -2304  247  140737353704888  140737488342208  4160739816
0  0  16962  140737353704888  140737488342208  4160739816
-8482  0  0  140737353704888  140737488342208  4160739816
24524  100  0  140737353704888  140737488342208  4160739816
452  4  0  140737353704888  140737488342208  4160739816
-13766  -24837  0  0  0  0
-13766  -24837  19774  11540  0  0
-13766  -24837  19774  11540  -23580  0
-13766  -24837  19774  11540  -23580  -7623
-13766  -24837  19774  11540  -23580  -7623
11601  12158  0  0  0  0
11601  12158  -16582  10982  0  0
11601  12158  -16582  10982  -24030  0
11601  12158  -16582  10982  -24030  -11769
11601  12158  -16582  10982  -24030  -11769
0  0  0  0  0  0
0  0  0  0  0  0
0  0  0  0  0  0
0  0  0  0  0  0
0  0  0  0  0  0
19037  -2616  0  0  0  0
19037  -2616  -27740  -8009  0  0
19037  -2616  -27740  -8009  4556  0
19037  -2616  -27740  -8009  4556  -32391
19037  -2616  -27740  -8009  4556  -32391
-509  -22045  0  0  0  0
-509  -22045  23001  -12723  0  0
-509  -22045  23001  -12723  18239  0
-509  -22045  23001  -12723  18239  -18840
-509  -22045  23001  -12723  18239  -18840
0  0  0  0  0  0
0  0  0  0  0  0
0  0  0  0  0  0
0  0  0  0  0  0
0  0  0  0  0  0
-27172  904  6841  139  10048  15163
17590  -28040  -26  9472  3840  -6426
-27172  10120  -13681  16040  -24837  -17193
2  6  2  0  0  0
-17220  19900  11540  -17180  -17220  -17220
14  0  0  0  -15351  708
4060  4112  4112  4112  4112  4112
-15164  9  0  -15360  4105  1
-1596  12343  14648  -1543  -1543  -1543
-19399  10000  0  0  0  2304
0  0  0  -15351  4110  0
16  14592  31033  14649  14593  14649
-24754  514  10000  0  0  -15351
-169  17733  17733  17733  17733  17733
2500  0  0  0  2304  -11211
4196  39  10000  0  0  0
2500  10000  4096  2  0  27371
2  0  -9510  -2571  -2571  0
4340  16  4107  -15344  9  0
2500  0  0  0  -129  0
4060  4112  4112  4112  4112  4112
16  0  0  0  2304  14649
0  13877  14647  13112  55  0
16  14592  31033  14649  14593  14649
26872  -2471  24389  -18371  2500  2304
10000  13101  12337  13880  48  25756
0  0  0  -15351  13357  512
1  0  0  2304  4292  13622
4759  10032  128  0  -7711  0
2500  0  0  0  0  0
16  14592  31033  14649  14593  14649
0  7644  -15321  9  0  2
4153  22468  -19030  18444  -29473  0
-21893  -8996  -8996  28380  28270  28270
14  0  0  0  0  0
2500  0  0  512  0  0
15367  50  -15105  10000  0  -15351
14  31868  31869  31868  10000  -17197
2  1  2500  4331  39  0
1988  0  31543  -14197  10000  -26986
512  0  512  0  0  39
2500  0  0  0  32  0
742  0  0  0  0  0
2500  -15337  9  0  0  0
-27172  2  -15360  9  0  -15351
1  0  0  2304  4292  -15351
2  0  0  256  28984  10000
4060  4112  4112  4112  4112  4112
10000  0  0  0  -16894  0
-256  0  0  0  11520  30069
0  0  2048  708  0  8738
-19455  -19276  -19276  -19276  -19276  14133
512  0  0  2  0  22131
0  -32512  91  10000  0  0
2500  0  0  0  4292  0
10000  0  -15164  -15164  196  0
0  0  0  25609  0  512
338  0  1536  4096  39  0
708  4098  39  0  0  -256
528  0  0  12544  14644  29041
-15140  9  255  10541  17220  4096
755  0  0  512  19199  16385
0  16640  2304  196  0  0
-8192  16887  0  0  0  0
10000  -512  256  257  257  14593
16840  31226  13618  15852  483  30169
356  0  1  0  0  0
0  0  6144  0  0  0
-2  -1  511  247  0  0
196  0  0  47  9  1
17422  17422  17476  17476  580  0
-15359  265  0  0  0  4227
-14018  763  16  -28159  100  196
25681  28928  29041  29041  29041  29041
25658  -15360  9  0  0  0
0  0  0  -15351  104  0
1  1  0  11896  4096  10788
0  0  0  2304  196  0
4  4096  39  100  0  0
100  0  0  0  2304  0
20986  -380  -2222  5212  9888  4428
2  0  0  256  28984  10000
-19531  181  -15360  -15351  9  0
-6996  0  10000  100  255  0
-24732  0  0  0  0  0
0  0  0  0  196  25344
16  0  256  -3072  -19290  -17870
-15359  -23543  -23387  10000  0  0
1  0  0  0  0  0
-18980  -24079  904  6841  138  -30717
0  0  0  -15351  13357  512
2  0  0  256  28984  10000
25600  -30720  -30584  -30584  648  0
2500  0  0  -32000  2500  16191
-15341  -15360  9  14279  17752  -7539
0  0  0  0  196  10000
0  0  0  0  1  0
-13766  251  0  0  0  -19490
20986  -380  -2222  5212  20002  256
0  0  1  -258  -258  12851
100  0  0  0  0  0
311  0  0  0  -15351  14075
4060  4112  4112  16  0  2500
196  0  0  47  9  1
18403  15  0  2500  1  13623
-14018  763  16  -28159  100  0
2304  2313  30466  0  100  1
0  0  2  0  0  512
1  0  0  1  0  0
10000  0  5888  5911  23  0
0  0  0  1  0  9
11620  13877  0  0  20456  0
2  0  2064  24726  5984  5911
1  0  10000  0  0  0
-15140  9  255  10541  17220  4096
612  0  0  -2773  0  0
4160  39  0  -6940  19940  -19276
14  255  0  0  12928  -15351
0  0  0  512  89  0
-15140  9  0  0  -27392  2500
10000  0  0  0  14  16164
-15360  -15344  4105  39  4292  0
-15297  -29299  -29299  -29299  -29299  -29299
-27172  29298  29298  29298  29298  10000
0  0  0  -15351  13357  0
2  0  0  256  28984  10000
612  1  0  195  9  -32263
0  0  -24064  0  256  2305
4096  0  0  0  2304  9
18652  -26069  1  0  -10070  512
20986  -380  -2222  5212  9888  4428
2500  0  0  0  1  0
4112  1  0  4112  4112  0
1  0  246  257  100  13624
4060  4112  4112  16  0  2500
13328  13618  10000  0  0  2
170  0  0  -15351  13357  16393
2  0  0  -25856  -4232  -3540
4196  39  0  0  0  0
2500  0  16  0  2500  1028
0  0  0  0  -15164  25344
27242  64  0  27242  20586  0
0  0  0  0  0  15163
14  0  0  12545  13109  0
2  0  5202  9888  3264  19968
0  0  0  0  196  -28928
12598  13369  0  0  512  0
0  12593  11822  11822  11822  11822
16  14592  31033  14649  14593  9
2  0  0  256  28984  10120
510  0  1  0  0  0
256  0  4096  39  0  9
20737  0  0  0  2333  29825
0  0  2304  708  514  514
0  12593  11822  11822  10000  0
16  14592  31033  14649  14593  14592
0  -16192  -16192  0  0  256
2500  0  16128  4165  -11088  898
0  511  0  0  0  39
2  0  0  256  28984  0
2500  -15360  -15360  2500  0  2304
13363  13364  13475  -17002  31785  0
1  0  2  0  12800  13820
14  0  100  0  0  708
-15140  9  255  10541  17220  4096
255  0  30  96  25700  27065
-13808  251  0  0  0  -7623
25600  0  0  100  0  -20561
14  0  0  0  -15351  708
4060  4112  0  0  512  0
0  0  0  0  -15351  0
512  0  0  0  0  1
708  0  0  47  10  1
-13766  196  512  0  0  0
557  0  4096  0  0  0
0  2  0  0  0  1
14  0  0  0  9  -15351
0  0  0  0  0  0
10000  0  0  0  -17477  512
2  0  -16126  -15236  9  0
0  1  8192  0  512  0
0  0  0  0  25600  512
16  14592  31033  14649  14593  14649
255  0  0  0  -721  15870
2  0  5202  9888  3264  19968
2  0  0  0  2  -20561
0  0  0  0  0  0
0  0  0  0  0  -17220
0  2500  0  0  0  22191
0  2  0  0  0  0
2  0  -15332  9  0  0
732  0  2  256  0  0
2  4096  39  0  0  -22360
10000  -256  -15360  -15164  -15164  0
512  0  0  29041  29041  29041
-27172  -27243  -27243  -27243  -27243  -27243
0  256  4112  4112  4112  0
0  0  512  0  0  4098
2  0  0  0  25600  12337
16604  10000  0  0  0  2
0  2  0  0  0  2
2  2500  32667  -17936  -23744  -4109
0  2500  0  0  0  0
0  0  0  25600  563  0
-27056  -10843  12517  6855  25087  22421
17653  25820  0  0  0  256
0  0  0  -15351  13357  255
0  12593  11822  11822  11822  11822
0  0  -256  0  13623  25600
0  256  667  -27904  -24512  0
741  0  0  0  0  -12288
1  0  0  2304  4292  13622
196  0  0  47  2  1
0  1  32  0  1  -15351
5095  16816  7194  4121  39  2
25616  -1393  -16407  25251  -4798  7954
28569  -6003  -3417  -30404  -24844  -13580
4060  4112  4112  16  0  2500
0  12593  11822  11822  11822  11822
196  0  0  0  0  1
0  0  0  0  196  25344
2  -1536  5155  9888  3264  19968
1  -30841  -30841  135  0  -30841
2  -21075  0  0  0  0
100  -15360  9  0  0  0
2  0  513  0  0  29041
4060  4112  4112  16  0  -1543
210  514  514  514  514  514
-15196  9  0  0  -30720  -30719
128  0  0  0  -15204  0
-28983  64  -15667  11895  -16187  0
14278  723  0  0  0  0
2  0  1  0  16386  -1858
0  0  0  2  0  512
25600  0  0  0  0  1
100  0  0  0  0  0
2  -1536  5155  9888  3264  19968
0  28527  28527  28527  28527  -8802
0  1  0  0  0  0
196  0  258  0  0  15752
0  0  0  -16829  0  24672
-14018  763  -16112  2  0  0
2  0  0  256  28984  10000
20986  -380  -2222  5212  9888  4428
2  5911  5911  5911  5911  5911
256  0  256  0  0  11776
0  256  0  2304  196  19532
25600  -32768  0  0  1  0
-10495  -978  -16496  2397  29614  9045
-27172  2500  0  0  0  12852
2  0  5202  9888  3264  0
2  -1536  5155  9888  3264  19968
0  512  -156  2  25600  0
255  16  0  0  0  100
0  0  2  0  8388  14206
2  0  5202  672  0  19968
216  512  0  -25344  25186  0
100  0  25600  0  0  0
100  10000  0  0  0  0
0  0  0  -15351  13357  512
0  0  0  0  0  0
29010  -15247  9  0  4  11776
1  512  514  1538  514  0
25600  0  39  0  2  100
2500  13312  13364  13364  13364  13364
20817  -1543  -1543  -1543  -1543  10396
196  0  0  47  9  14392
0  0  0  25600  24158  -17477
0  0  0  10000  0  -18686
0  0  1  0  0  0
-14018  763  16  257  0  196
0  49  11778  11822  11822  11821
2  -4096  0  0  -15351  19968
2500  0  0  0  0  0
-256  0  0  14080  13367  256
2  0  0  0  1038  0
-15360  9  0  0  13312  512
1  0  0  0  0  0
220  0  4098  4112  4112  4112
239  14592  31033  14649  14593  0
0  6  0  0  0  512
0  512  0  201  0  18884
0  0  -15360  9  0  9
4060  4112  4112  4112  4112  4112
25664  0  0  13364  13364  13364
11857  557  0  0  0  0
-17477  1  0  -21573  -17477  699
4196  25600  2  0  -30720  0
256  100  0  0  0  0
0  0  1  0  0  0
14  0  0  0  0  0
0  -23040  4485  -20189  5840  -15816
255  253  0  0  512  2500
-13767  100  -15360  9  0  0
0  -256  0  -15351  13357  0
2  0  0  0  0  0
196  0  4866  25600  0  0
0  0  0  0  0  -15360
0  0  0  512  0  0
0  0  0  1  0  0
10000  0  0  0  256  0
30978  16068  -8099  -26519  6292  -15553
14  0  0  0  0  0
11520  -15304  9  100  0  13056
-23895  26  0  512  0  256
0  0  0  0  0  -28447
10000  0  0  0  0  25796
2500  0  0  0  0  0
25658  25700  25700  25700  25700  100
11601  12158  0  256  12895  0
14648  13874  13108  13875  0  2
1  1  0  0  0  185
10000  255  0  255  0  0
85  0  0  256  512  0
2  0  0  0  0  122
15381  32485  1155  8882  27939  28013
-14018  763  16  -28159  100  0
2  -1536  5155  9888  3264  19968
0  100  0  0  0  1
1026  13568  12339  0  0  1
79  0  -15360  0  0  0
0  0  0  0  -16706  -16706
3  25600  0  0  0  0
4096  39  0  0  0  13061
256  0  0  0  0  1
45  0  0  0  0  100
0  0  1  25600  256  514
1  0  0  2304  4292  12851
-14018  763  16  -28158  100  -28159
4060  4112  4112  16  0  27007
0  561  0  0  0  11822
196  0  0  47  9  0
0  0  0  0  0  0
1  0  100  0  11520  12593
7168  -25980  25536  16470  0  512
-27172  904  -852  14522  -31028  0
6  1061  0  -18432  -29709  -15351
1  0  0  2304  4292  0
4060  4112  4112  16  0  0
2  0  0  256  28984  2
2500  0  254  0  -13824  -15104
4096  -18185  -16921  -13508  2547  -31133
4196  28013  28013  28013  28013  25600
0  256  0  0  0  0
2  0  5202  1  0  13107
2  -1296  5155  9888  3264  19968
210  19712  504  5911  5911  5911
512  0  100  0  0  0
14  512  0  0  0  195
0  10000  0  0  0  0
0  0  0  0  0  0
1  0  0  0  0  4112
0  0  512  1  0  0
0  0  0  0  0  0
13568  0  25855  512  0  -31869
2  -1536  5155  9888  3264  19968
25628  0  0  0  0  0
-227  0  0  2304  196  2
4  256  0  512  0  0
16  14592  31033  14649  14593  14649
2  20992  -24556  -16346  -19444  -11954
-14974  -28718  -17075  -4324  -4113  -4113
191  0  1  0  -10752  -19790
14  0  0  2304  452  0
2  0  0  0  9888  4428
10000  1024  0  0  15874  15934
-252  0  25600  0  0  0
-27172  904  6841  171  1  32186
-28055  188  0  0  0  31354
196  0  0  0  2  0
2  0  1  0  0  0
0  1  0  0  0  0
14  0  4096  38  0  -15164
4060  4112  4112  4112  4112  4112
16  14592  31033  14649  14593  14649
2  28930  15291  26417  32660  1221
25602  0  2  0  0  -15315
-25086  0  1  0  0  2500
-255  1  0  512  -15351  9
-14018  763  16  -28159  100  196
2  0  0  256  28984  10000
4  0  0  0  6398  5206
13111  2  0  0  0  0
18247  -10937  165  25600  0  9
2  2  0  0  0  0
4  0  0  0  0  0
