0  0  0  25600
0  1  0  511
0  13617  13619  0
0  2500  0  0
0  256  0  0
0  256  10000  0
0  256  -21447  -30584
0  4280  1  32
1  0  0  0
10000  0  0  0
10000  256  0  0
10000  5654  5654  5654
1  0  0  -11354
1  0  1  0
1  0  19968  20046
1  0  19968  3500
11265  16883  0  2532
11348  -12547  0  0
11520  52  -256  254
11536  50  0  0
-1  -18784  -29216  -31681
13617  14390  1  -2048
13617  14390  312  256
-13916  -28384  0  0
-13993  -32754  0  0
-14080  -3931  20987  -18424
14848  14906  14906  -12032
-15106  9  0  256
-15359  8  0  2
16  0  0  -25055
19275  -30341  0  0
-19970  30367  21664  -326
20147  -17488  0  0
2  0  256  0
2  0  4369  4370
20667  27893  0  0
21365  27476  0  0
21444  21315  0  0
21589  21588  21588  21588
2  2  0  0
-22015  -21846  -21846  -21846
-23387  -21242  0  0
-23667  20013  0  0
2500  -19456  0  0
2500  4  0  0
25188  25186  10000  0
256  0  0  0
-256  0  256  0
25616  1  0  0
256  -4096  0  256
256  4096  13184  26116
258  -31232  -31098  -31098
268  0  4608  32639
-29111  6248  0  0
-29125  -22789  0  0
-30249  -18056  0  0
30994  -30596  0  0
-31198  -366  0  0
3500  0  0  0
3930  0  2500  0
3930  0  2500  100
4111  39  0  0
4805  1  0  0
-5560  30630  0  0
56  0  2706  2422
587  0  0  0
-60  -1  -1  -1
6989  -26240  6418  4162
75  19200  0  0
83  0  0  0
84  0  0  0
8481  8481  8481  8481
8554  26401  55  0
92  0  6656  0
9985  0  -15360  116
