0  0  0  1  256  0
0  0  0  25600  -156  0
0  0  0  4135  3084  0
0  512  0  0  0  0
12049  0  140737353704888  140737488342208  4160739816  -8029
1  256  0  0  0  0
-1257  1  0  18782  -1233  -20224
-1257  10590  0  0  0  0
-1257  10590  19933  -17393  0  0
-1257  10590  19933  -17393  -6268  0
13056  13107  13107  13107  13107  0
-16489  257  257  0  0  1
1799  1799  1799  7  1  512
-18998  0  140737353704888  140737488342208  4160739816  -14310
22535  -4460  -20281  0  0  0
24402  -25290  0  0  0  0
24402  -25290  6745  -19170  0  0
24402  -25290  6745  -19170  25132  0
253  -255  0  255  0  0
-26694  17855  0  0  0  0
-26694  17855  -1399  -15120  0  0
-26694  17855  -1399  -15120  14141  0
-30264  0  140737353704888  140737488342208  4160739816  15985
45  0  0  100  0  0
-710  0  140737353704888  140737488342208  4160739816  30236
-8511  -27461  0  0  0  0
-8511  -27461  14574  -848  0  0
-8511  -27461  14574  -848  -22214  0
8937  0  0  1  256  256
