0  0  0  25600  11479  -2764
0  0  19275  19275  19275  19275
0  -30464  226  2  0  0
1  0  0  0  0  14381
11  0  0  0  -27804  -23131
-11786  0  140737353704888  140737488342208  4160739816  13427
1  256  140737353704888  140737488342208  4160739816  0
-12917  -12429  0  0  0  0
-12917  -12429  -18875  1552  0  0
-12917  -12429  -18875  1552  -32343  0
13438  -14683  140737353704888  140737488342208  4160739816  -27798
-15535  0  140737353704888  140737488342208  4160739816  28815
2  0  0  0  100  214
2  0  0  1  0  0
2  0  1  0  0  0
20220  -9939  0  0  0  0
20220  -9939  17227  -5358  0  0
20220  -9939  17227  -5358  29903  0
222  -24673  -24673  -24673  0  -24673
222  -24673  -24673  -24673  0  -24832
222  -24673  -24736  -24673  0  159
22586  0  140737353704888  140737488342208  4160739816  -16984
2280  14310  0  0  0  0
2280  14310  -13713  -29358  0  0
2280  14310  -13713  -29358  13461  0
23908  14608  140737353704888  140737488342208  4160739816  10778
-25097  30795  0  0  0  0
-25097  30795  30014  22455  0  0
-25097  30795  30014  22455  18843  0
-254  0  2  0  0  0
302  0  0  20780  180  14854
-3072  0  0  0  0  0
31190  0  140737353704888  140737488342208  4160739816  -7828
33  0  140737353704888  140737488342208  4160739816  -766
512  0  0  1  1  0
514  0  140737353704888  140737488342208  4160739816  1
5155  19649  0  0  3584  -15421
