0  256  1  243
0  28416  22417  22359
0  -3328  257  0
0  512  0  0
1  1  6439  11565
1  255  0  2
13463  732  0  0
-14292  8693  0  0
-16384  0  -3328  0
17212  -2058  0  0
17920  -12964  0  0
2114  0  -1081  -7096
-22964  4262  0  0
-22964  4262  -7405  -24720
-26038  28361  0  0
-26038  28361  -5238  -28670
27205  25871  0  0
-28352  -4700  0  0
30446  30326  30326  30326
-3073  1  0  0
-3085  254  499  0
30883  -9267  0  0
-31816  -18385  0  0
4  1  0  0
-7538  13352  0  0
-7538  13352  -13441  -20790
7681  -256  0  512
8222  -17689  0  0
9377  5867  0  0
