0  0  0  1  0  0
0  0  0  100  0  1
0  0  0  1  -15351  256
0  0  0  -15351  2500  0
0  0  0  25600  26145  32441
0  0  0  25609  0  14096
0  0  0  4135  -211  0
0  0  0  9984  16  8
0  0  13568  4292  39  0
0  0  257  0  0  0
0  0  32  140737353704888  140737488342208  4160739816
0  0  4096  39  0  256
0  1  0  0  0  196
0  14336  12850  140737353704888  140737488342208  4160739816
0  -15360  521  0  0  255
0  20  0  140737353704888  140737488342208  4160739816
0  2048  -22712  25003  16246  0
0  22272  156  163  25600  0
0  -22596  3  0  0  -15164
0  255  0  1  -15351  256
0  256  0  0  256  0
0  -256  0  25600  0  0
0  -256  0  25600  0  -10468
0  256  2  9041  24565  -18359
0  256  -5887  32528  0  -15351
0  3098  -15339  -10281  -10281  0
0  -9851  32187  -16790  -25122  0
0  -9851  32187  -16790  -25122  18672
0  -9851  3259  27261  -8514  0
10000  0  0  0  0  0
10000  0  0  0  0  1
10000  0  0  0  0  15613
10000  0  0  0  0  16
10000  0  0  100  0  0
10000  0  0  28784  28784  0
100  0  0  0  11520  1
100  0  0  0  2304  0
100  0  0  0  276  0
10000  1  0  256  -15359  23655
10000  20  0  0  0  0
100  0  0  256  257  2500
10000  -8395  -21207  6179  14373  -16456
100  -15296  -2296  29662  132  0
1  0  0  25163  -5317  0
1  0  0  256  0  1
100  -256  -1  -769  21660  7453
100  4  0  140737353704888  140737488342208  4160739816
-1004  255  0  256  196  0
10223  10023  10023  10023  10023  10023
-10752  24602  -27567  25696  0  0
1  100  0  0  0  197
11520  100  0  0  0  16868
11681  0  60  256  0  0
11717  9  20  0  0  0
11726  13876  1  0  0  1
-12341  11520  14646  100  -22784  -19288
12856  12340  -4113  -15273  9  7967
1  29435  -5632  1  25165  0
-13  -1  -1  100  0  0
13127  14136  0  140737353704888  140737488342208  4160739816
13569  12852  12592  54  0  0
13623  5171  -236  140737353704888  140737488342208  4160739816
13763  -14912  22082  25848  29192  117
14646  56  0  1  0  9
-15164  9  -15360  9  0  14592
-15260  9  0  0  0  0
-15351  -15125  9  0  0  10000
-15351  -15157  9  25600  0  0
-15351  -15157  9  25600  0  10000
-15351  -15157  9  25600  0  -10105
-15351  -15157  9  25600  0  9984
-15360  100  0  0  0  -15212
15380  13372  5180  0  0  15420
15881  100  0  -23299  2500  0
16  -256  512  -15360  9  196
16  28930  0  12343  48  0
-16480  -10557  0  140737353704888  140737488342208  4160739816
17733  17733  325  0  4096  1
1792  0  0  0  2304  4332
-1805  0  0  0  -15351  22870
-1805  100  0  0  0  0
-1805  130  0  0  0  0
-1805  2  0  0  100  598
-1805  3970  0  0  0  0
-1805  3970  28784  28784  28784  28784
-1805  3970  32000  19349  0  0
-1805  3970  32000  19349  -5247  0
-18202  16475  -9691  9932  7578  24756
-19083  20  0  12339  0  0
192  0  0  0  0  16640
196  9  0  -15360  9  0
20  0  0  140737353704888  140737488342208  4160739816
20  0  0  2  0  -8960
20  255  0  140737353704888  140737488342208  4160739816
2  0  -3085  16306  -11248  2
-2061  10000  0  0  0  0
-2061  3970  32000  19350  -5247  0
209  0  0  0  0  0
-21075  -21075  20  0  0  0
2  -13824  -28347  2770  -1998  -17015
21884  -2343  0  140737353704888  140737488342208  4160739816
2  20  0  -10240  -10024  -10024
226  0  0  0  39  0
23578  4096  39  0  0  0
236  0  0  0  0  0
236  257  0  0  256  28527
236  257  0  1280  1  0
236  257  0  1280  2500  16896
243  0  0  2304  -1852  22870
243  0  0  2304  25796  0
243  0  12544  12600  13877  0
243  11520  -203  0  25600  0
24785  4096  39  0  512  -13272
2500  0  0  0  0  -16128
2500  0  0  0  0  2500
2500  0  0  0  0  99
2500  0  0  0  -15351  0
2500  25600  0  0  0  0
2540  22906  0  0  0  0
2540  22906  30144  29720  0  0
2540  22906  30144  29720  -10044  0
25587  25443  25443  -32008  15  22870
25600  25700  25700  25700  25700  256
2560  11  -30976  100  22016  22102
256  1  0  140737353704888  140737488342208  4160739816
-25613  10000  0  0  0  -26420
25620  256  -15360  9  0  1
256  224  10000  0  0  0
-256  2  3830  2816  2827  2827
2570  0  10000  0  0  0
-25793  -3528  7861  4149  39  31868
25826  3328  0  0  25600  18646
25826  3584  0  0  25600  196
25837  12801  15925  -15935  -15935  255
25843  0  0  0  25600  0
25957  25957  25957  25957  25957  25957
26  0  0  0  0  0
26560  0  0  0  4135  0
276  0  -13568  140737353704888  140737488342208  4160739816
27968  19059  0  0  0  0
27968  19059  -29381  19273  0  0
27968  19059  -29381  19273  21343  0
-28014  0  256  0  2048  0
28339  -4884  1  256  0  2304
28807  100  -15360  9  -15120  0
28807  100  -15360  9  -15322  3341
28807  100  -15360  9  -15360  0
28807  100  -15360  9  -15360  -12771
28807  24420  -15137  172  0  -16918
-29403  29183  -3234  251  0  0
29737  -7537  0  140737353704888  140737488342208  4160739816
29944  256  0  0  0  0
30070  0  0  0  0  0
-3013  22972  0  -15360  9  39
30464  10066  -22272  -22103  -22103  -12114
305  1  0  140737353704888  140737488342208  4160739816
3081  230  0  0  2304  0
3081  -26  0  0  0  0
3081  -26  6226  -12646  0  0
3081  -26  6226  -12646  -9923  0
-31385  1  0  0  0  0
-32526  13696  13619  4111  39  0
-32768  0  2500  0  0  112
-32768  0  2500  0  -3584  -3342
380  0  31744  31868  31868  31868
385  -1  -1  25081  -7001  0
3855  2082  -6777  0  0  0
393  0  3072  24377  -15359  0
-40  30583  30583  30583  30583  30583
4096  39  -31232  -32527  0  0
4097  100  12337  13110  0  0
4098  39  0  0  0  20641
4098  39  0  0  1  -24832
410  0  0  -2561  11156  0
4112  39  0  0  29184  0
4125  39  10000  100  0  0
4201  -15344  9  0  0  0
4339  39  0  0  -2048  0
4369  -4591  4369  25700  25700  25700
460  -14336  2304  -11006  -120  0
5120  0  0  0  0  0
512  0  100  0  0  16
5120  256  0  140737353704888  140737488342208  4160739816
5122  -15360  0  0  0  0
51  235  0  512  255  0
513  0  -2304  100  4096  1
513  3341  3341  3341  3341  3341
52  -256  0  140737353704888  140737488342208  4160739816
5363  0  0  4135  0  0
5447  30505  0  140737353704888  140737488342208  4160739816
-6978  -30971  17658  140737353704888  140737488342208  4160739816
708  0  0  0  0  0
71  22616  22616  140737353704888  140737488342208  4160739816
-845  11135  11389  -20957  29709  14393
9  -30257  0  2  20  0
9744  0  0  2048  0  0
-988  0  12800  57  0  0
