0  0  100
0  0  1024
0  0  111
0  0  11565
0  0  13621
0  0  14135
0  0  14337
0  0  -14651
0  0  -14791
0  0  -15351
0  0  15499
0  0  -15688
0  0  16
0  0  16229
0  0  -16640
0  0  16905
0  0  17362
0  0  17367
0  0  -17986
0  0  20151
0  0  -20561
0  0  213
0  0  -22505
0  0  22648
0  0  -256
0  0  25600
0  0  25606
0  0  -27319
0  0  -27375
0  0  -27576
0  0  -27681
0  0  -29042
0  0  -29206
0  0  29506
0  0  32256
0  0  3855
0  0  -3856
0  0  4096
0  0  4097
0  0  5397
0  0  -5945
0  0  6656
0  0  -81
0  0  8224
0  0  8481
0  0  -8832
0  -1  0
0  100  12854
0  1063  0
0  -10866  0
0  11520  0
0  11570  31744
0  11775  21845
0  1  -18248
0  -12544  512
0  128  0
0  12800  0
0  13568  13621
0  14080  0
0  14336  14392
0  14640  14381
0  -14848  6952
0  15  256
0  16  21853
0  -19200  -10937
0  19263  -25612
0  -19276  0
0  196  0
0  -19712  2513
0  -21316  512
0  2  -16646
0  218  0
0  -22360  -22360
0  23  -15095
0  2500  10238
0  2500  10692
0  255  0
0  255  10000
0  255  -13917
0  -255  16504
0  255  -29920
0  25600  29041
0  25600  -5912
0  25600  9984
0  256  160
0  256  -18762
0  256  21074
0  -256  23130
0  256  2500
0  256  256
0  256  -258
0  256  28795
0  256  512
0  -256  56
0  256  642
0  256  -8183
0  25796  -29184
0  -26112  0
0  27904  -19364
0  31131  4608
0  -31355  -31355
0  31766  0
0  31767  -12791
0  31767  -15351
0  31767  15725
0  31767  -32768
0  31976  -17152
0  -32640  4096
0  -3463  29188
0  -3583  0
0  382  0
0  39  100
0  4112  4096
0  4196  0
0  4864  22066
0  511  -16453
0  512  100
0  512  -15360
0  512  17219
0  512  -17991
0  512  2500
0  512  27821
0  512  514
0  512  -5928
0  51  -27500
0  513  256
0  9  -15360
0  94  0
10000  0  -10024
10000  0  11308
10000  0  -14252
10000  0  20046
10000  0  23157
10000  0  -256
10000  0  256
10000  0  -27500
10000  0  32125
10000  0  32382
10000  0  6076
10000  0  97
10000  1536  -15360
10000  2  0
10000  2  13624
10000  -26112  -15164
10000  -3584  -21185
10000  -3584  23387
10000  -3584  -28528
10000  -3584  512
10000  -8960  20078
10001  1  -21098
100  0  -20993
100  0  22359
100  0  2304
100  0  23552
100  0  255
100  0  256
100  0  -26640
100  0  30036
100  0  30071
100  0  30692
100  0  4096
100  0  9
100  100  1102
100  13101  0
100  13824  2
100  14392  14392
100  16384  0
100  25601  0
100  256  -26729
100  256  -27359
100  256  9
100  -32383  0
100  4096  0
100  512  26880
1  0  1024
10128  0  512
1  0  2304
1024  9  -15360
1  0  -255
1  0  256
1  0  28416
103  0  0
1  0  -31080
-10341  0  -337
-10341  9  -15185
104  0  10000
1  0  5093
-10659  514  0
107  16384  0
-10752  -10538  0
-10806  0  16339
11  0  0
1  100  0
1  10000  0
1  -11740  0
1  12  5632
-11279  187  16
11520  14386  2500
11520  14392  0
11565  -25223  29524
-11566  -11566  -11566
116  0  29812
-11809  1792  -11823
-11823  -11823  4112
1  1851  -17239
12  0  -25958
12032  12079  12079
121  -10594  13534
12  2  0
12  209  0
12240  100  -30773
12340  -15164  -31159
12342  13365  0
12345  13365  20461
12345  52  0
-12389  27537  -17853
1  255  9216
12589  12600  0
12589  13106  12336
126  0  0
-127  512  1
-12774  -4193  0
12805  4096  0
1281  0  4
128  4351  0
12845  12850  12850
-129  0  0
-12959  0  23753
-12960  0  2
130  0  0
1303  -5842  0
13056  -15334  0
-13108  11724  14540
1331  -5842  0
1332  0  0
133  -20385  32512
1332  10000  13878
1332  100  2304
1332  2  0
1332  -210  0
1332  2500  9529
1332  -5842  -15164
1332  -5842  -15421
1332  -5842  -31355
1332  -5842  57
1332  -8595  -26809
13364  -28528  0
13369  12343  0
13369  4098  -18426
-13568  0  0
-13568  23461  0
-13847  1  0
140  0  12677
14080  12594  100
14124  10530  21554
14134  51  -14873
-14136  -14136  13105
14190  17871  18432
14192  0  106
14192  1024  106
-1436  3383  0
14385  12594  12593
1455  -1302  -19400
1455  26826  14392
1455  26858  0
1455  26858  14523
1455  26858  -3856
1455  26858  -515
1455  26858  568
-14670  -17510  -16450
-14769  9223  17803
148  0  0
1483  -5842  0
148  4096  0
-15052  0  61
15068  9961  3095
15  0  9363
-15105  10000  19789
151  0  -6402
-15149  -515  -515
-15164  0  0
-15164  0  7
-15164  -15164  -15164
-15164  9  0
-15164  -9984  9
-15175  9  1
-15181  9  0
-15193  -25555  -25444
-1522  11620  25442
-15294  0  0
1531  0  32607
-15312  9  0
-15351  -23645  -23645
-15355  0  4135
-15355  2313  0
-15355  5140  20
-15355  9  7023
-15358  2048  9
-15358  25609  0
-15358  9  0
-15358  9  -4864
-15359  0  0
-15359  9  -31283
-15360  0  -256
-15360  9  -15351
-15360  9  -4352
1536  12792  0
-15387  37  0
15587  -30280  187
-156  2500  0
15682  -25744  0
-15955  0  512
160  0  -23892
16  0  25600
16  0  27238
16  -12851  -12860
-16184  0  -13710
16388  -3840  185
16645  -20076  -30208
167  0  4518
167  0  67
167  -29749  4419
168  0  0
17157  0  0
17157  0  7023
17157  0  7680
17157  11623  31501
17157  -12140  10180
17157  -12140  12854
17157  -12140  -19533
17157  -12140  -28627
17157  22016  -20304
17157  25700  13617
17157  -27623  20303
17157  28624  3472
17157  -30060  26890
17157  660  0
17157  660  -11180
17158  -256  20286
17364  0  0
-17403  0  0
-17403  5  307
-17403  -6912  0
17444  404  0
1  7525  -10522
-17664  2313  2313
-17991  -17991  -17991
18  0  0
18020  27099  111
18175  26942  0
-18430  1  2
18498  18761  0
18754  0  0
18754  10371  13203
18802  18553  0
-18942  9242  -3851
-19022  17402  2500
19046  0  0
19202  -3044  100
19461  76  31538
196  0  19018
196  0  512
196  1  -11823
196  19712  -29655
196  5911  0
1967  265  -15358
-1980  0  -20182
-19821  0  13360
-19821  0  -25958
-19821  -22727  2757
-19821  6306  -15872
-19821  6306  -16449
-19821  6306  -27375
-19821  6306  28160
-19821  6306  -515
-19821  6307  0
19968  20046  20045
2  0  11309
2  0  11520
2  0  15946
2  0  176
2  0  -19019
2  0  2
2  0  -20480
2  0  -24159
2  0  2500
2  0  -256
2  0  -27500
2  0  29812
2048  2  -27500
2049  2057  0
20522  3460  -22082
2052  3855  -20667
2  0  58
20734  -16699  25000
2080  0  0
2  0  -8031
209  -13312  0
2  0  9737
-20990  -20818  -20818
2  100  13113
211  0  0
211  1  20303
211  -23722  100
211  2500  0
2  11520  0
21195  5911  0
212  0  -11052
212  -15360  0
2  13312  0
2  -14846  25770
21555  10077  1692
-21575  0  0
-217  515  0
-21758  -21589  0
-21846  -21846  -21846
-21971  0  5578
2  2  1
2  2  -10024
22102  2500  11565
-22174  19961  0
2  2  188
2  2  19179
-22201  13731  28
2  2  -20242
2  2  25700
2  2304  512
2  2306  0
2  2  -4627
-22527  -22360  168
2  25602  0
2  -256  11565
2  25700  0
22842  4103  0
230  0  0
23039  22873  8224
23045  0  18182
2  3  25600
23296  -30950  22421
234  0  0
2343  0  0
23552  320  42
-23552  512  29054
2363  0  0
-2364  -24064  -1
-2364  -24064  11832
23644  0  0
23644  100  -15026
23644  -12196  -12080
23644  18504  72
23644  23644  14125
23644  23644  2363
23644  23644  32134
23644  23644  9
23644  27811  0
-23868  18656  -15251
-23914  -8739  24026
-24064  449  0
241  0  0
-241  16  -11143
24199  24158  24158
-24516  25680  9472
-24524  2  3871
-24524  -29616  0
-24524  -29616  -29952
2482  -29986  17990
250  0  0
2500  0  -16073
2500  0  209
2500  0  -22196
2500  0  2304
2500  0  24672
2500  0  2500
2500  0  4096
2500  0  9014
2500  0  9252
2500  1  0
2500  14392  0
2500  16  3341
2500  16384  0
2500  2500  9
2500  -25344  0
250  0  -28444
2500  3584  0
2508  0  0
2515  196  12845
25186  15229  13879
25235  7548  -8946
253  0  256
-254  0  11565
-2544  1792  0
254  512  0
255  100  0
255  14  0
255  15103  -8960
255  18199  27732
255  385  13107
25600  0  29558
25601  1  0
256  0  -11517
25601  25700  25700
256  0  2
25602  0  -31488
25602  10000  0
256  0  25600
256  0  -31714
256  0  32125
25605  0  1
25605  0  -25036
2560  9674  0
256  1  0
25616  0  -1288
-256  193  11003
-256  2  0
256  23  0
256  256  0
256  256  10059
256  256  -9731
-256  258  0
-256  512  15769
256  512  -19532
25656  10000  0
-256  6  0
25666  0  -2571
25670  0  31473
257  0  14385
257  0  -15360
-2571  -2571  23931
257  257  1
-25764  18881  -17621
25796  0  0
25796  0  11173
258  1024  0
-25814  0  -24816
258  2  2305
-25827  0  0
25855  2500  -7968
258  8192  0
261  19990  6425
-26529  -256  0
26727  -12441  26407
-26879  247  0
27  0  0
27115  26985  -8209
-271  2  221
272  25600  0
-27343  14646  19101
-27500  148  -27500
-27643  -27500  -27500
-27865  0  -10625
-27904  211  0
-27964  -17502  29646
28  0  0
28043  0  0
2816  31143  2404
2858  2500  32
2  86  0
28804  0  0
-28862  11536  11565
-29696  0  0
-29797  -22386  22036
-29812  121  -24900
30343  -19410  11151
-30408  579  256
30477  1  0
-30526  -3097  -19232
30583  30583  -27500
30583  30583  30583
-30720  11520  512
307  512  0
30812  13129  -19533
308  255  0
-3085  0  0
-30971  -26001  -18380
3  10000  -17220
31868  31868  124
-31950  7498  181
-32071  0  0
-32382  0  0
32667  12853  1
32708  -24458  32059
32723  12577  -22360
32723  -24458  -15135
-32766  0  1
-32768  -12140  0
-32768  526  0
3  -2972  9766
-3328  -28152  0
3  5632  0
356  813  9
-3599  -3599  14640
3840  0  -1
-3840  0  255
384  512  0
4  0  0
4039  25600  9
4067  762  0
4096  0  0
-4096  0  -23980
4096  39  19052
4096  39  2
4096  551  0
4097  39  0
4097  39  27904
4098  13584  0
41  0  0
4100  39  0
4105  3341  0
4112  39  -1
-4125  5632  2543
4140  104  0
4  -15359  0
4174  39  0
4178  196  0
4182  -10120  -87
4196  39  16384
42  -25855  0
4  256  0
4257  74  14388
43  0  0
432  0  -20304
4351  0  0
4351  -22103  -22103
-4352  11520  -30070
-4468  11576  14390
45  0  0
45  0  1
45  0  26624
4  512  0
452  0  0
452  0  4096
452  1  0
4527  26858  20893
4608  0  0
467  0  -31612
48  0  25617
481  -9984  9984
4883  4883  2855
-4932  512  0
498  4  -255
50  0  6721
5  0  193
5  0  -28627
5  0  -32126
51  0  0
511  2  0
5  115  0
-512  0  0
512  0  -29454
512  0  511
512  1  -20304
512  13869  0
512  512  0
513  0  256
514  0  -24238
514  0  -28627
514  514  514
517  0  0
517  0  19202
5186  13313  0
52  0  25700
5  255  30
527  0  2500
5  2  768
528  0  0
528  13880  0
5397  5397  5397
542  0  0
55  0  -15268
55  255  0
564  0  -1966
57  0  0
578  1  0
-5887  22726  2
59  0  265
5  -9253  -9253
59  -3143  20480
6  0  0
615  0  0
-620  10000  257
6425  -29676  19661
660  0  0
66  -256  0
-6972  214  9
-7109  100  32256
7168  503  -47
-7168  -5143  25700
7168  7196  7196
72  0  0
-7324  25637  0
7460  0  14192
7460  7453  7453
75  0  -8739
-772  1  -23131
7970  0  -32742
-8045  2  2500
807  0  0
8122  0  -23296
-8191  -8009  -15136
-8445  5669  6425
8497  1  -15164
8704  8738  0
8738  0  3328
8738  -11998  0
8738  4130  3328
8738  8738  4626
-8739  -8739  -8739
-8948  0  -9182
898  0  0
9167  20296  21652
9180  -9083  -13512
-9423  -13348  0
-9456  39  0
964  0  2304
9846  -27255  0
9984  6726  56
