0  0  -15351
0  0  -15360
0  0  -18755
0  0  19139
0  0  2
0  0  22638
0  0  2304
0  0  26182
0  0  32382
0  0  39
0  0  4196
0  0  769
0  0  -7856
0  10  0
0  100  0
0  10000  0
0  10000  -16192
0  -10024  -10280
0  -10597  0
0  1280  0
0  1  -28014
0  13  0
0  14390  -32668
0  -15360  10
0  -16384  0
0  196  0
0  2  0
0  2313  2313
0  -23902  162
0  249  25600
0  2500  0
0  25600  0
0  256  256
0  -2819  0
0  -29813  11659
0  30583  15676
0  32359  -5368
0  -32768  0
0  4096  10
0  4096  -217
0  511  -16848
0  512  11536
0  512  128
0  512  9
0  -5880  -8439
100  0  0
10000  0  137
10000  1  0
10000  -24320  -24319
10000  513  0
100  2785  0
100  32  0
101  0  0
1  0  2067
1  0  2500
1  0  256
10  -256  0
10  258  0
1  0  512
-1084  5371  4224
110  0  0
11008  11051  11051
-1  -1  -1
1  -11263  13568
11284  -256  0
11520  13365  57
11520  14390  13624
11520  5176  0
11536  2  0
11565  0  0
11565  11528  0
11565  11528  13613
11565  11528  29337
11565  8  24720
11775  2500  2500
1  -18177  -28036
1  196  0
12032  -1  -1
-12033  673  0
-12280  -9239  -5112
12336  48  0
12416  0  0
1  256  0
1  -256  452
12589  14131  49
12589  17201  16448
12617  2  0
12617  8  2500
12617  8  5170
12676  14388  2244
12801  14132  56
12937  57  0
-130  -1  -21588
13056  13625  64
131  0  0
13101  13872  13105
-13108  -13108  204
1  -32172  -20605
13357  51  0
13368  2  0
-13445  -23949  0
-13445  371  0
13568  -193  -768
13568  26676  100
-13622  -13622  -13622
-13687  210  -256
13868  0  196
13869  0  -26112
13869  11671  14388
13869  -22006  -21846
13873  0  0
140  0  0
14038  -21181  125
-14292  3436  -24800
14325  -18825  16203
-14369  21554  19829
14642  54  0
1476  13101  156
14902  2  0
151  0  1
-15104  -4998  6074
-15106  0  512
1  5120  0
-15141  9  14642
-15237  -15351  9
-15289  9  0
-15312  9  0
-15315  11528  0
-15340  2500  0
-15344  0  30464
-15353  9  0
-15358  9  0
-15360  -15164  0
15360  15420  15420
-15360  265  0
-15548  16  0
15571  0  512
-15616  9  239
156  32380  8360
-156  4618  0
159  0  0
16  0  2
16  -12544  -12337
16384  0  0
16448  100  0
16896  3614  2313
-17325  -15  0
17476  0  0
1799  7816  0
18304  246  0
-18387  -18248  -18248
18452  28177  -31678
-18687  1  0
187  0  0
18884  0  0
18944  24841  -214
-19132  0  -32768
19400  -21996  4608
1  -9472  -9253
196  0  17712
196  0  2
196  -15105  265
196  196  -32768
196  45  4112
20  0  21504
20  0  -256
20  -11264  2500
20  -15340  9
20  20  0
20  2500  0
20  256  0
20  39  0
204  0  0
207  20  0
21102  29391  0
21789  -15111  9
2  17919  63
218  0  -15360
21808  21760  0
21808  8243  0
2  196  0
2199  2568  0
22044  40  0
-22330  0  0
2  256  261
-22633  -15334  9
22679  -3302  0
2313  2660  0
23299  718  0
233  -24787  0
2363  0  0
-2364  0  0
-24064  0  -15164
-24064  128  9984
2427  256  0
24621  -31869  -31869
248  100  0
-24892  -3907  0
2500  0  -1
2500  0  12032
2500  0  256
2500  0  26112
2500  0  39
2500  13157  311
2500  -15360  9
2500  5120  0
-255  0  2815
255  0  42
-255  -19481  20
-256  0  0
2560  0  0
25600  0  0
2560  2  0
256  20  -27648
256  31868  31868
-256  -8454  57
257  0  0
-25701  -25701  667
257  1  0
-2571  -2571  -2571
257  257  257
257  257  -26527
258  0  0
26119  196  0
26119  5316  0
26214  26214  25958
2649  0  12
266  0  13312
-26992  155  0
2700  10  0
2700  11520  0
2700  -22710  6797
27392  27499  27499
2759  10000  4096
-2805  -16452  14063
2815  0  20
-2877  25649  0
-28855  1411  0
-28942  -27746  18551
28944  -32618  82
-29274  12767  0
29555  0  0
29951  26  0
3  0  0
30208  30326  374
309  138  0
-3132  20435  1091
3144  339  0
31603  -30061  20560
-31999  -31869  0
32359  -32600  0
-32383  -32383  5249
3  25600  768
-32568  9  7680
3344  14130  1
344  0  2304
35  0  0
3715  0  0
4096  53  -31365
4116  39  0
4130  22174  -15086
4333  38  0
4333  38  4096
-4352  39  0
4424  -13402  -1418
4424  16750  0
4424  5230  0
4424  -772  -772
4498  256  0
45  0  -1
45  0  257
4535  400  0
46  0  25601
48  -15360  9
510  0  0
511  4150  30840
-512  0  0
5120  0  0
-512  0  -2304
5121  0  0
5127  10000  0
513  0  0
5316  0  21074
54  1  24672
56  0  0
6  0  0
6  -1536  22540
616  66  39
6  -18929  -9801
6636  -25088  158
72  10000  0
72  -23296  -23131
73  -12594  -12594
-7386  -7197  -7197
7424  7453  7453
7710  -7454  -7454
7781  11735  -12828
79  27136  0
7952  -27862  2206
8  0  0
8961  26666  11836
9252  9252  25636
-9510  -9510  -9510
9695  144  0
-9696  -9510  0
-9724  0  0
9729  26666  11836
9743  -21442  -7167
9982  -9946  9766
