0  0  0  255
0  0  0  256
0  0  0  -30829
0  0  0  4135
0  0  -12700  2500
0  0  2  0
0  0  2500  256
0  0  256  0
0  0  258  0
0  0  4096  39
0  1  0  25600
0  13568  14388  0
0  14  -24159  -24159
0  196  25600  -13056
0  2500  0  0
0  255  23554  -2132
0  255  667  3341
0  256  0  0
0  26214  26214  26214
0  -29042  -29042  -29042
0  -32768  1  0
10000  0  -15360  9
10000  2500  2560  0
100  0  -2048  -29514
11  0  23808  23901
-11052  -11052  -11052  -11052
1  1  179  -30009
-11566  -11566  -11566  -11566
11620  14385  13364  14387
11704  12850  14132  27393
-12728  -3769  29950  -27654
12845  14131  56  1
136  0  0  1
1  457  0  172
14581  31768  0  0
14581  31768  4580  0
-15105  -24416  -24416  -24416
-15105  9  0  0
-15110  9  0  0
-15224  9  0  0
-15360  -256  25855  0
-156  100  0  0
1576  22908  0  0
-15862  6691  32017  -25412
16  0  1  -15360
16  0  -25594  4149
16242  4688  0  0
16384  0  0  0
-17686  -23588  0  0
-17925  3580  25613  0
-18225  -2398  0  0
-18280  6413  0  0
-18687  -18505  0  -15360
196  0  0  2304
19728  0  4096  39
1988  -14971  0  0
20606  -24441  0  0
21972  4357  21752  6089
22102  1  0  0
22784  138  0  -29184
-2364  0  0  0
2404  0  0  0
-24490  199  0  10000
2500  0  0  15617
2500  0  2500  0
2500  13312  305  0
2500  9587  29952  31025
2501  257  0  0
-2505  -18836  31002  16127
25244  5927  -5627  -21855
-255  0  0  -256
255  0  512  0
25600  0  0  0
256  0  0  512
257  1  0  0
-25723  -11511  0  0
257  -256  0  512
25736  0  0  0
-26112  -32092  0  0
-26332  -26215  -26215  -26215
26346  28339  0  0
26834  1  511  0
272  0  4160  -218
28178  -10599  0  0
28453  1475  -27784  0
29951  1536  -23495  18821
-30711  123  0  9985
32438  0  0  0
3328  -28982  235  0
3364  26007  0  0
3364  4247  20519  14158
356  0  0  0
4105  29223  14387  14136
416  1  2500  0
4351  0  0  0
45  0  0  0
52  0  0  13314
528  8  0  -15358
5733  0  0  0
64  4096  39  0
6461  8269  0  0
77  0  0  0
-8056  -18437  0  0
8738  8738  8738  8738
91  0  0  2304
-9  -2368  30968  27948
