0  0  10
0  0  1024
0  0  11308
0  0  11520
0  0  12589
0  0  -1286
0  0  13772
0  0  138
0  0  14
0  0  14392
0  0  14632
0  0  15
0  0  -15360
0  0  18944
0  0  -22617
0  0  2304
0  0  -23485
0  0  23887
0  0  24515
0  0  -256
0  0  25858
0  0  -26624
0  0  -26985
0  0  27253
0  0  28013
0  0  29142
0  0  -32256
0  0  4096
0  0  -5141
0  0  7
0  0  -7197
0  0  77
0  0  7710
0  0  8
0  0  -9728
0  10000  0
0  10000  -1280
0  100  1
0  100  1024
0  100  16192
0  1028  1028
0  1  1
0  110  0
0  1  10000
0  11520  13366
0  11776  11822
0  12799  12599
0  12800  12854
0  128  -26729
0  1  -32257
0  13312  -15935
0  13312  -16449
0  13312  -17220
0  13312  2304
0  13312  256
0  13312  -5170
0  -13824  509
0  13825  0
0  148  14336
0  -15040  9
0  -15239  7945
0  -15358  9
0  -15360  4105
0  -15678  -15678
0  -16159  -3768
0  1792  5
0  -17991  -17991
0  182  0
0  -18506  -18762
0  196  21846
0  19712  19789
0  -2048  17349
0  2050  2056
0  20992  25649
0  -21760  25417
0  2304  595
0  23296  0
0  -24831  -24673
0  2500  100
0  254  0
0  25401  30891
0  255  0
0  255  256
0  -2560  0
0  25600  13312
0  256  -1
0  256  12326
0  256  -12851
0  256  -14465
0  256  17110
0  256  192
0  256  2
0  256  -23770
0  256  -25187
0  256  25600
0  256  5159
0  25655  0
0  256  9
0  27275  256
0  -27648  25866
0  28416  0
0  -28416  143
0  28416  -17064
0  3072  0
0  -30746  1024
0  -30746  4
0  -30951  256
0  32767  0
0  3524  0
0  3549  15376
0  4096  0
0  4  12900
0  4  -15260
0  4  2500
0  4  29363
0  4  -30876
0  4  -4884
0  49  0
0  -512  0
0  512  1
0  512  -11373
0  512  11775
0  512  12692
0  512  147
0  512  -15360
0  512  -19996
0  512  2500
0  512  -256
0  512  99
0  767  1
0  8  -26729
0  -9229  23666
0  9984  16
10  0  0
10000  0  -15360
10000  0  19652
10000  0  4096
10000  0  511
10000  0  512
10000  1  0
10000  100  -20224
10000  196  0
10000  -21589  -21589
10000  -24140  256
10000  2500  0
10000  2500  2244
10000  513  0
10000  514  514
10000  8  0
10001  1024  0
100  0  1175
100  0  -12544
100  0  13112
100  0  -15360
100  0  2
100  0  23193
100  0  2500
100  0  -255
100  0  -256
100  0  257
100  0  -26729
1000  364  0
100  0  4
100  0  512
100  0  514
100  1  0
100  10000  100
100  -11318  -9961
100  128  -22317
100  196  0
100  19712  0
100  2304  196
10023  28632  0
-10024  -10024  0
100  256  0
100  25600  0
100  25604  100
100  -25856  -21540
100  28721  0
100  -30584  0
100  -31984  131
1005  10000  0
10  0  512
100  -9984  20642
1  0  1
101  0  0
1  0  10001
101  11520  0
1  0  -11668
-10118  10000  0
10129  14690  -15175
1  0  13922
10144  15  1
1  0  -15315
1  0  -16449
1  0  196
1  0  19768
1  0  2
10223  0  25600
10223  -3840  0
1024  -13445  255
1024  6818  -13204
1  0  254
10  25600  0
1026  0  0
1028  1028  17190
-10300  0  255
1  0  -31869
1  0  -32383
1  0  38
-10401  4  0
-10496  0  29184
1  0  512
1052  2500  0
-10618  -6400  -15306
1062  0  0
1  0  7710
11  0  0
1  100  0
11051  11051  25643
-11052  1  0
-11052  2500  0
1108  0  0
-1  -1  -1
-11  1  0
-11170  23901  23901
112  10000  0
-11263  100  -3840
-11264  -11052  -11052
-11264  -19909  19346
-11264  9  32
1  1285  106
11332  100  0
11332  14129  12599
11332  -15929  14381
11332  25656  0
-1  -1  -3846
1  15104  46
11520  12598  14131
11520  52  -26729
11534  13105  4150
11536  0  0
1  -15360  9
11536  6709  14391
11609  -23621  24395
-11629  24340  0
-11629  3485  0
-11629  669  -256
1  16384  10000
11737  -15358  9
-11776  -11566  0
-11776  9984  -3584
119  0  16639
-11949  -11866  2
12007  0  196
120  1024  0
1  2  1
12192  20  -31352
1220  100  0
12288  13363  566
12326  25976  0
12336  12336  0
12337  138  10280
12436  31267  0
1  -24832  10000
-12543  -12337  -12337
12544  0  0
1  256  2305
12589  12337  12855
12595  23387  0
1265  1  0
128  0  0
1280  157  0
128  -13056  100
-12815  0  0
-128  -2170  30143
128  -23123  221
128  4112  39
12845  13878  25657
12853  13618  52
12856  12848  512
12856  51  0
-1287  1  2500
-129  0  13314
129  2500  0
-129  -256  0
129  3072  -15360
-129  -9758  30024
-130  0  0
13056  13876  1
13056  16692  566
13056  2  0
13056  52  0
13056  52  22784
13088  4097  39
13106  56  1
13108  13623  12344
13139  564  0
13265  5  0
-13311  100  0
13311  -7589  0
13357  0  512
13357  8469  0
13364  13364  13364
13365  -24528  -24160
-13467  28097  2850
13570  0  0
13575  19968  20046
13613  14644  13617
13618  182  0
13668  13110  13619
13824  54  0
13840  0  0
13877  2500  0
13894  12854  13
140  0  255
14084  -31203  255
1  4096  0
-1  4096  100
14125  -13821  1024
14125  14386  14134
14132  -24616  250
14135  14135  0
14197  8  0
142  2  0
-14236  -14136  -14136
14241  18620  -18174
-14320  24913  0
-14336  0  0
14381  14135  0
14391  13361  1
14392  14392  14392
-14393  199  0
14404  11713  12344
147  0  1
147  0  256
147  0  25602
147  0  257
147  -17413  10813
14788  110  4135
148  0  0
-15105  9  100
-15164  0  0
-15164  -15351  9
-15164  9  4199
1517  19812  100
1517  214  0
1517  3204  0
-15202  8  0
-15212  9  -32768
-15231  9  0
-15260  9  100
-15260  9  10000
-15268  9  0
-15270  9  -7245
15300  -256  0
15300  4096  39
15301  0  4135
-15312  9  0
-15315  -256  256
-15321  100  518
-15339  8  256
-15345  9  0
-15352  9  0
-15356  13873  14641
-15356  9  4096
-15358  0  0
-15359  0  10000
-15359  9  0
-15359  9  11520
-15359  9  3598
-15360  -10999  -10795
-15360  2541  0
-15360  5654  5654
-15360  9  2
15  3775  17590
-15469  7220  13624
-156  0  256
15616  0  0
-15678  -15678  -15678
15871  119  0
-15945  513  8298
16  0  2500
16056  0  0
16  0  9730
161  100  0
16201  0  16
16  -28633  1
1633  0  12593
16384  0  0
16386  1  0
16448  0  16448
16448  16448  0
-1645  -15358  246
16  45  2
167  0  4
16796  16  0
-1692  -4129  -7020
-17209  -17220  10000
17395  -5177  81
17409  28944  0
175  1  0
-17602  -7886  22711
-17654  -15322  9
-17664  521  0
178  0  10023
-17820  19835  9673
-1793  -9264  0
18007  -20751  -25417
-18150  -17991  -17991
1  8192  0
182  0  0
183  0  0
184  0  25728
-18432  -18248  -18248
-18504  -18248  6425
186  0  1
-18672  72  1207
-1871  149  19052
-1899  7419  0
-19093  -12534  -31344
19200  -16939  -29561
-19380  15083  -20908
195  0  0
196  0  2
196  0  -22272
196  0  2500
196  0  -30206
196  0  4353
196  -15360  30680
196  256  2
196  25700  25700
196  3584  -705
196  512  0
196  -769  -20601
19712  19789  1
19712  19789  19789
19725  19789  19789
19789  19789  -25011
19812  19789  19789
19904  582  0
-20028  -24895  -20494
-20032  0  0
2  0  100
2  0  11520
2  0  14608
-20148  -15355  9
2  0  2
20205  0  -15360
20205  0  25600
-20224  256  0
2  0  240
2  0  2500
20303  20303  79
2  0  3524
2  0  3584
20461  0  -24576
2048  -27579  -21501
2048  4  0
20488  20560  20560
2  0  -512
2056  0  0
2056  8  0
206  256  256
20627  20560  20560
20817  1792  255
2  0  -8191
209  0  0
2  10000  0
2  10000  2
-2116  0  10239
21248  1214  15366
2126  2056  -14907
21376  12317  12482
-21465  0  0
2148  0  25600
2  -14848  17711
2  -15360  9
21588  -1964  21588
21594  0  512
21594  16448  0
21594  -19465  5140
21594  21588  9193
21594  3  -1543
21669  4343  0
-217  0  10497
-22000  0  17152
22102  0  0
22102  4626  4626
-22236  10000  -7328
2  22528  191
22272  0  0
-22272  169  100
2  255  512
2  256  169
2  256  -24778
2  256  2898
2  256  45
227  25601  0
2  -27904  0
228  0  0
22812  -17991  -17991
-23000  -22874  166
2304  30620  -10716
2320  2313  2313
-23210  -3  0
23552  1  512
2363  0  0
237  0  1
-23770  25748  0
238  0  0
24063  -23645  -23645
-24154  0  1
-24159  -24159  -24159
-24429  -25134  1
24516  0  0
2457  -2876  0
247  0  4
24832  0  0
24832  192  0
24832  196  0
-24832  -24673  -24673
24832  2500  24320
24832  2999  13422
24832  4292  39
24832  9509  9509
24833  2500  13312
249  387  0
2499  512  0
2500  0  256
2500  0  25708
2500  0  4
2500  0  -768
2500  0  8
2500  100  15104
2500  1024  12544
2500  128  0
2500  135  2499
2500  16  0
2500  16384  0
2500  16391  0
2500  2  0
2500  -2048  -18676
2500  -2779  -15217
2500  4096  -27185
2500  452  0
2500  -6981  -29184
25088  2500  13312
251  1028  4112
251  -256  512
-252  0  0
252  0  0
25235  2  0
-25344  -243  -1
25492  0  0
-255  0  0
-25500  29955  6419
-255  0  1
255  0  2
255  0  -23049
255  1  1
255  -15360  -15351
255  16226  -24930
255  256  0
255  25600  512
255  -30723  2
255  511  0
25600  0  1
25600  0  100
25600  0  10000
25600  0  11587
25600  0  11775
25600  0  1742
25600  0  -22338
25600  0  255
25600  0  -256
25600  0  -32640
25600  -1280  13298
25600  20722  -11608
25600  2  -11776
25600  2  -24832
25600  -23040  0
25600  -23040  13613
25600  2500  0
25600  255  0
25600  256  0
25600  25700  2148
25600  -32768  4096
25600  4  0
25600  4096  39
25600  5888  96
25600  6655  25
256  0  100
256  0  1024
256  0  1025
256  0  1026
-256  0  -15360
25602  0  512
256  0  2500
256  0  -256
256  0  -26472
-256  0  -26729
-256  0  768
25608  0  0
256  10000  0
256  1024  0
256  10880  10794
256  -1  -15360
-256  1447  0
256  -15268  512
256  -15360  0
25616  100  -15351
256  -17152  5489
256  -17230  3336
-256  -22821  0
-256  24320  254
256  2500  256
256  256  0
256  25687  25600
25632  0  0
-256  389  -26490
-256  4  100
256  4353  39
-256  574  0
256  -6144  -10580
-256  66  -3072
256  7424  -16111
25690  0  0
25700  25700  100
25700  25700  119
25700  25700  25700
25700  25700  4
25700  2827  -11309
25708  13623  12850
257  1  15314
257  1  16640
257  1  30720
257  255  39
257  257  257
25726  13056  12601
25748  64  0
258  0  0
258  0  -26729
25825  0  0
25855  0  0
25855  0  11520
25855  1  0
-25856  23552  25737
-25856  -25701  25755
26111  15104  0
26259  257  10
26312  2  0
26379  10000  -15164
26379  10000  -17477
26425  2500  0
-26472  -6912  628
26541  -12787  100
26624  0  256
267  7  -129
26820  26728  26728
-26879  -26729  -26729
26880  0  512
-2702  26669  9250
27  -15360  9
272  257  1
27242  -150  27263
273  0  0
273  1  7710
-27392  207  0
27392  -23039  -22874
-27392  405  0
2756  0  2374
-275  -6095  -5912
27728  0  0
-27796  147  0
27847  -17126  -27607
-27964  -3876  -8296
28102  0  0
28103  0  128
28103  0  256
28103  2  1024
28103  34  -256
28103  -6291  23760
-28148  2  2
2816  0  0
-2816  20752  0
-28391  0  1
-28416  -28271  -28271
-28502  5955  -9245
28672  6570  0
-28704  24303  24158
-28785  -28785  -28785
29  0  0
-29008  -20561  -20561
29124  5  0
-29191  -6656  0
29298  25714  29337
-29301  -29813  0
-29314  -18679  8493
295  0  0
-29813  139  0
29866  100  0
299  2  0
29952  0  0
-29952  -29813  -29813
3  0  -15351
-30230  -513  -9
-30460  -30327  0
30464  30583  0
-30524  -4236  1536
30705  18389  100
3072  1  0
30768  0  0
30772  -617  -31702
-30826  -11092  20346
30840  16705  16705
30976  31097  31097
30976  98  0
-3111  13056  2
-3135  48  0
-31407  1793  0
-31488  -31355  -31355
31611  31611  31611
31638  21634  0
-31744  -2815  2500
-31813  -20658  0
31891  11520  13363
31987  0  0
32  0  -26729
3  21247  4178
323  0  0
-32383  -32383  177
-32383  -32383  -9796
-32485  -32383  -32383
32512  0  0
-32512  -15358  9
-32621  512  -15360
327  0  0
33  0  0
-3382  0  3840
-3388  0  0
3398  15173  0
3398  15173  13056
351  0  0
3524  2500  0
3524  256  0
-3558  0  0
356  0  0
356  0  100
356  0  165
356  0  2
356  0  2304
356  18247  18247
356  -32768  512
3584  3598  22616
-3593  384  0
364  -15315  9
37  0  9984
3780  0  4
-3816  0  0
38  256  0
384  0  512
3848  -10246  67
-3887  15360  15
3893  25600  0
39  0  0
39  0  -1534
39  1  0
39  10000  0
392  256  -21332
3951  -1  0
40  0  0
4  0  14080
4016  24568  8379
4  0  25195
4  0  3584
-4095  -12264  0
4096  -21224  8879
4096  39  -15360
4  1028  0
4  1028  -15360
4  1028  6144
4  1028  -7711
4104  0  -15164
4104  0  207
4104  0  25600
4104  255  0
4111  39  0
4112  1063  0
4112  4112  4112
411  255  0
4134  0  0
414  0  0
4150  -15321  9
4153  39  0
4164  39  0
4184  39  0
4196  1063  0
4196  39  0
4196  551  -15360
-4199  28878  6030
4222  -22753  9
4225  39  0
4276  0  0
4290  39  0
4476  -5081  -13587
449  0  -27904
45  0  0
45  0  1
452  0  2304
452  26655  4359
4548  -1740  26995
4548  52  0
4548  52  13613
4565  0  0
4608  0  0
467  0  0
468  0  2048
48  512  0
4883  4883  4883
49  0  0
50  0  0
503  0  64
512  0  -15360
512  0  241
-512  0  256
512  0  9728
512  1  0
512  100  0
513  0  0
513  0  1
514  5171  0
5159  -15164  -1
5159  5171  0
5159  5171  -26729
5159  52  0
52  0  0
520  0  0
5210  5140  5140
528  0  0
529  0  1024
529  0  251
529  0  308
529  0  9
529  14178  0
529  -28121  14388
53  0  0
5376  -256  256
54  0  4135
551  0  0
557  0  0
5654  0  512
5654  9261  10000
5721  536  0
-5728  10000  0
588  0  0
-5888  521  257
612  0  0
61  2500  0
612  512  29098
6182  42  0
62  0  0
62  0  512
628  0  0
6291  -8508  0
-6400  -6171  -6169
64  16  256
-6460  0  12
655  0  0
659  0  0
660  0  -1792
66  0  -15360
-6654  27538  -3895
6656  24775  18513
69  13056  13622
6928  0  0
6932  0  0
6947  -21480  2
70  0  12845
708  0  25600
708  0  3328
711  0  27904
-7391  0  0
-7424  256  0
7516  3552  -1253
767  0  2500
77  0  25600
-7711  -7711  -19999
-772  1276  0
-7935  128  0
-7935  -9600  0
-7935  -9600  25053
-7935  -9600  26332
-7935  -9600  -543
8  0  0
8  1  0
8180  -22295  0
8192  0  0
-8192  512  0
8265  8224  8224
8414  -15360  -15164
-8604  -10108  30399
-8741  18826  3330
90  0  2
90  0  232
90  10000  10023
9  0  19116
90  581  12819
90  581  2
90  698  0
91  4  0
9234  9252  0
9252  9252  9252
9252  9252  9268
9472  225  9232
9534  0  0
-9702  -9510  -9510
9728  2500  0
9744  0  0
9744  1220  0
9744  15396  -29744
9744  -18980  -15138
9744  2500  -13337
9744  2500  2
9744  2500  -256
9744  2500  413
9744  2756  100
9744  4292  0
9744  7620  0
9745  2500  0
9766  9766  -15360
9767  -156  0
9865  306  0
99  0  0
-9962  -25344  2
9986  16  0
