0  0  0  0  0  13106
0  0  0  0  0  -15105
0  0  0  0  0  16384
0  0  0  0  0  20
0  0  0  0  0  21074
0  0  0  0  0  -22784
0  0  0  0  0  2560
0  0  0  0  0  60
0  0  0  0  0  9358
0  0  0  0  1  0
0  0  0  0  10  0
0  0  0  0  100  16188
0  0  0  0  100  -8448
0  0  0  0  10  14381
0  0  0  0  1  111
0  0  0  0  1  -17092
0  0  0  0  128  -256
0  0  0  0  -15351  23259
0  0  0  0  -15351  3584
0  0  0  0  20  0
0  0  0  0  20  14135
0  0  0  0  2304  0
0  0  0  0  2306  -15360
0  0  0  0  2500  0
0  0  0  0  -3072  -6531
0  0  0  0  32  0
0  0  0  0  4135  -18643
0  0  0  1  0  0
0  0  0  10000  0  1
0  0  0  101  -32000  39
0  0  0  1  0  16188
0  0  0  10496  10537  10537
0  0  0  14081  14646  -12800
0  0  0  -15351  0  0
0  0  0  -15871  2  0
0  0  0  2  0  16188
0  0  0  2304  196  0
0  0  0  2304  196  23901
0  0  0  2304  -28476  14392
0  0  0  2  30721  256
0  0  0  2320  0  0
0  0  0  -23689  22598  -5514
0  0  0  2419  9984  0
0  0  0  2528  30977  4864
0  0  0  255  0  -22135
0  0  0  256  0  0
0  0  0  25600  10538  0
0  0  0  25600  -19349  0
0  0  0  2560  -11353  -25986
0  0  0  2560  -28423  17764
0  0  0  2560  4096  -8996
0  0  0  256  2500  256
0  0  0  27402  2617  2570
0  0  0  -30208  0  0
0  0  0  4135  0  0
0  0  0  4135  0  13107
0  0  0  4135  0  26819
0  0  0  4135  0  28471
0  0  0  4135  1  0
0  0  0  4135  -15164  -15360
0  0  0  4135  -2305  -22684
0  0  0  4135  2500  0
0  0  0  4135  2500  -15616
0  0  0  4135  2500  52
0  0  0  4135  2500  9
0  0  0  4135  28161  14736
0  0  0  4135  3072  142
0  0  0  4135  6596  -15360
0  0  0  4437  0  12589
0  0  0  -4738  -14454  -3639
0  0  0  512  0  0
0  0  0  9984  0  -16963
0  0  0  9984  272  0
0  0  0  9984  30480  0
0  0  0  9984  4112  0
0  0  0  9984  -9200  0
0  0  0  9985  0  6390
0  0  10000  0  0  13753
0  0  12  3  16  393
0  0  12340  13106  13616  0
0  0  1  25600  -5343  -515
0  0  1263  0  10  0
0  0  135  0  0  0
0  0  1  4096  -15321  0
0  0  144  0  0  17219
0  0  -15351  0  0  -21257
0  0  -16188  -10622  -14844  0
0  0  2306  0  0  0
0  0  2500  0  0  0
0  0  -256  0  0  0
0  0  256  0  0  9
0  0  25602  0  0  -7195
0  0  256  4135  2500  -15360
0  0  2816  22911  458  -11647
0  0  -2828  -2828  -2828  -2828
0  0  292  256  0  -10161
0  0  31156  140737353704888  140737488342208  4160739816
0  0  31498  6  0  16188
0  0  4096  39  0  4096
0  0  4097  16  -515  0
0  0  4135  16  0  0
0  0  512  0  0  0
0  0  5838  40  0  -29694
0  0  -7655  -28715  -20078  -8506
0  0  7938  -25385  0  0
0  0  -7969  2  0  735
0  10  0  0  0  0
0  100  0  0  0  0
0  10000  0  0  0  0
0  10000  0  0  0  10
0  10000  0  0  0  512
0  10000  0  0  -15360  196
0  10000  0  2  0  196
0  100  -256  -10164  -12296  1
0  10  0  -512  0  0
0  1024  0  0  0  20
0  -1024  254  0  0  0
0  108  0  0  0  27756
0  -1  -1  -1  -1  -1
0  1280  2500  0  0  196
0  128  23808  0  2605  -9767
0  12856  563  0  13312  0
0  13613  13113  0  -15360  0
0  -1422  26994  21521  -26861  29725
0  14336  3  1536  -6072  46
0  -14393  0  0  0  -14393
0  144  0  2560  0  0
0  -14593  2499  14349  -27178  22058
0  -14849  195  2304  0  0
0  -14849  -2365  0  0  9
0  -14849  2499  0  0  108
0  -14849  2499  0  0  12985
0  -14849  2499  0  0  13624
0  -14849  2499  0  0  2
0  -14849  2499  0  255  -13879
0  -14849  2499  0  -670  -15845
0  -14849  2499  255  0  13753
0  -14849  707  20834  -20126  13753
0  15157  2499  0  255  1
0  -15360  0  0  0  0
0  1536  4341  39  0  25626
0  15616  0  0  0  9984
0  15655  -30121  -6358  19361  0
0  -16994  257  0  -20480  -20304
0  -192  0  0  0  0
0  196  0  0  0  0
0  196  0  0  2500  512
0  -19861  0  0  0  13753
0  2  0  0  0  0
0  20  0  0  0  -515
0  20  0  140737353704888  140737488342208  4160739816
0  20  -6119  140737353704888  140737488342208  4160739816
0  21604  134  0  0  0
0  2  256  1  -16384  4345
0  237  0  0  0  0
0  23808  -32520  32753  -21698  2691
0  -25  0  0  0  0
0  2500  0  0  0  0
0  2500  2  0  -7424  10230
0  25088  0  0  0  1
0  2532  -17005  0  0  4626
0  256  0  0  0  0
0  2560  0  0  0  -15351
0  256  0  0  0  1
0  256  0  0  0  -15106
0  256  0  256  1  22308
0  256  0  512  1  207
0  -256  0  9984  -515  -515
0  256  -15360  9  2500  0
0  256  -15413  0  0  10
0  256  185  0  256  0
0  256  257  0  0  0
0  -256  -29638  10104  13580  -7619
0  256  -3551  0  0  -15331
0  256  45  0  0  0
0  256  45  0  0  -15351
0  256  45  0  256  25600
0  256  45  0  256  39
0  256  -467  18201  -21198  14461
0  256  512  0  0  0
0  -27136  184  0  3330  25600
0  27756  1388  27648  27756  27756
0  27756  27756  108  0  27756
0  27756  27756  27500  27756  27756
0  27756  27756  27756  -25236  -25187
0  30720  1  127  0  196
0  -31232  -31098  -31098  -31098  -31098
0  -31612  -31612  -31612  -31612  -31612
0  -31744  3978  -15342  9  4096
0  -32768  0  140737353704888  140737488342208  4160739816
0  -3584  -21070  -917  0  21501
0  3840  217  0  0  1
0  4096  -15321  4105  39  15163
0  4096  39  0  0  13146
0  4096  39  0  255  25600
0  4  -29440  140737353704888  140737488342208  4160739816
0  4351  39  0  0  3289
0  4609  274  0  0  19440
0  512  0  10240  2432  0
0  512  0  -15360  2304  0
0  512  0  2304  1  0
0  512  0  9472  2  0
0  -512  144  0  0  144
0  512  16385  100  1  0
0  512  2  0  0  0
0  -512  -258  -258  -258  -256
0  512  27739  -232  10000  2
0  512  31231  31225  2  0
0  512  514  514  514  514
0  512  -756  0  0  0
0  53  0  0  0  -10431
0  -5655  -5655  -5655  -5655  -5655
0  -6831  -18542  18084  -22537  -21480
0  6912  4730  -15342  9  4626
0  767  0  0  0  13753
0  774  0  140737353704888  140737488342208  4160739816
0  9984  0  0  0  0
10000  0  0  0  0  100
10000  0  0  0  0  16
10000  0  0  0  0  19731
10000  0  0  0  0  2
10000  0  0  0  0  256
10000  0  0  0  0  512
10000  0  0  0  1  0
10000  0  0  0  1  11521
10000  0  0  0  4135  -15015
10000  0  0  0  6401  26588
100  0  0  0  0  9984
10000  0  10000  0  0  0
100  0  0  0  100  -18248
100  0  0  0  13101  -23756
10  0  0  0  0  16524
100  0  0  0  2  0
10000  0  256  14637  13616  1
10000  10000  0  0  2  0
100  0  0  10000  0  708
10000  128  0  0  -512  0
1  0  0  0  0  -16963
1  0  0  0  0  20752
1  0  0  0  0  2304
100  0  0  2304  0  0
100  0  0  245  0  0
1  0  0  0  0  2500
10000  4096  39  0  0  19455
10000  55  0  0  0  -21996
10000  9984  16  4096  39  0
1  0  0  0  -15351  0
100  0  2  0  -256  -4627
1  0  0  0  2304  2313
10  0  0  25668  0  0
1  0  0  0  9984  10000
10  0  0  9984  16  0
1  0  0  1  0  718
10  0  1  100  0  25700
1  0  0  140737353704888  140737488342208  4160739816
100  16  0  1  0  2304
100  2  0  1  0  0
100  -22874  2500  0  0  21670
100  255  0  0  0  23053
100  25600  0  0  0  15450
1  0  0  -2560  -2314  -2314
1  0  0  27136  0  -15351
1  0  0  28928  29041  0
100  314  2500  512  0  256
1  0  0  31744  -5950  -22471
10034  0  0  0  2304  14906
10  0  4096  39  0  1542
100  6072  -4646  -30488  -15035  -24382
1  0  10000  28013  109  28013
1  0  1  0  20560  20560
1  0  1  10  0  -3342
1  0  11521  13878  13878  13878
10149  230  0  -26110  28868  6063
1  0  200  -14207  -12856  -26580
1  0  20316  0  -31744  -14334
1  0  20549  2447  411  11520
10223  10000  0  0  0  13107
1  0  -22528  140737353704888  140737488342208  4160739816
1  0  254  512  0  0
1  0  -256  0  10000  512
1  0  256  6425  281  26485
1028  4  0  0  2304  0
103  0  21762  21845  45  10000
1  0  305  0  12544  257
1  0  4096  39  0  0
1  0  4626  1  0  32471
1  0  511  0  2304  32639
10794  0  0  0  2560  10794
1  0  9  140737353704888  140737488342208  4160739816
1  100  31502  26516  98  -27280
11  0  -10976  -4533  -1  0
113  256  0  140737353704888  140737488342208  4160739816
1  13357  14386  0  0  0
1  13361  10000  0  0  514
11520  1  0  57  0  255
11520  11565  11565  11565  11565  11565
11520  196  0  0  0  -29880
11530  13363  56  0  0  0
1  -15360  14089  14388  -4048  23497
11536  2  0  -6194  0  0
11612  56  0  0  0  0
1  -17152  -13087  -10675  123  0
1199  1028  1028  1028  1028  1028
12000  196  0  1  0  0
12  0  4098  39  0  4626
12  25600  0  4096  39  0
1  2  256  6421  -26175  0
-12291  -12337  -12337  -12337  -12337  -12337
1  2304  0  0  0  0
-12403  0  0  4135  3072  -16685
12544  14640  -15360  -24582  0  0
1  255  0  0  0  0
1  255  512  643  0  26471
1  -256  0  256  14119  9984
1  -256  7690  501  0  0
1  2570  -15350  9  0  0
126  185  10000  0  0  0
12747  14511  0  140737353704888  140737488342208  4160739816
128  0  512  0  0  0
128  100  0  0  0  0
12845  12857  13361  2500  0  0
1  305  0  0  1  -23889
13057  15  0  0  0  -7184
13105  13360  12856  0  0  0
13110  14130  13620  14646  -8225  -8225
13124  -6897  -19123  -23526  13719  28232
13313  13619  21814  29197  68  -13228
13317  14133  310  0  0  -30097
13367  -1792  9728  -27  -11435  11600
13  4103  0  0  0  0
135  -5376  0  140737353704888  140737488342208  4160739816
13617  4145  39  0  0  0
13617  51  0  5121  0  0
13622  13111  13113  140737353704888  140737488342208  4160739816
-1369  27756  27756  27756  27756  27756
13824  310  0  256  100  -30841
13924  14648  52  100  0  0
140  0  24834  -3820  2  0
-14078  17152  14637  13872  2616  0
1409  24226  4123  39  10000  255
14125  12743  54  766  0  11081
14337  10000  0  0  0  -6426
14382  25657  0  0  0  0
144  0  0  0  0  0
144  0  2500  0  0  -5632
144  149  4096  39  0  0
144  -30208  240  0  -15351  13055
145  256  -2  25616  0  0
14593  16384  -8720  -4045  240  17457
14641  57  148  0  0  13360
147  0  0  0  -15606  1
-14791  25651  0  0  0  266
14800  -11226  14385  3801  -27235  -4727
14807  22637  -19085  14100  -363  -31811
-14850  8449  8481  8481  8481  8481
-14907  -14907  0  0  0  0
14948  14381  14136  20  0  0
15  0  0  0  0  4626
-15105  9  0  0  0  257
1  511  100  -9251  25600  0
-15137  9  0  0  0  2500
-15145  -247  0  0  0  0
-15164  0  0  0  256  2500
-15164  -1  -15360  9  0  2500
-15164  -15164  -15164  -15164  -15164  39
-15164  -15164  -15164  7763  -3943  -6629
-15164  -15164  24672  24672  24672  24672
-15164  4225  -15360  2500  0  0
-15164  9  0  0  0  -1084
-15164  9  0  0  0  -15164
-15164  9  0  0  0  -15360
-15164  9  0  0  0  -17477
-15164  9  0  0  0  2304
-15164  9  0  0  0  4626
-15164  9  0  0  2  0
-15164  9  0  0  24576  -24530
-15164  9  0  1536  0  0
-15164  9  0  -24832  -24673  0
-15164  9  0  256  2500  9728
-15164  9  159  0  -24831  0
-15216  0  0  10000  0  0
-15216  2500  2500  0  0  0
-15270  265  0  -512  6444  -240
-15307  -247  0  0  0  0
-15344  9  0  0  0  -16384
-15357  1  0  9  0  0
-15360  0  10  0  0  0
-15360  0  16  0  9989  2
-15360  -23074  20  140737353704888  140737488342208  4160739816
-15360  9  0  0  0  2500
-15360  9  0  0  31744  0
-15360  9  0  140737353704888  140737488342208  4160739816
-15360  9  1  25600  0  132
-15360  9  -31488  -31355  -31355  0
15450  0  0  256  -15360  0
15450  -11201  0  0  0  0
15450  63  0  0  -705  27332
15450  6975  24698  0  0  255
15450  6975  24698  10063  0  0
15450  6975  24698  10063  27326  0
15450  6975  2500  0  15450  0
-156  1  0  0  0  255
-15615  11977  -3  -1  2815  0
15692  61  0  15362  15847  -22690
15872  27528  -15954  252  0  0
15934  12800  -45  678  0  21250
-15955  -22599  419  0  19968  -31098
-16420  95  2500  0  0  0
165  4098  39  0  0  0
-16640  82  25789  0  0  256
-16752  0  0  0  5120  5120
16962  16962  12610  12593  12593  12593
-17220  -17220  -17220  -17220  -21316  -5247
-17220  -17220  -17220  20  0  0
-17463  91  0  32  0  2
-17921  -17991  4369  18757  4369  16
18276  1  0  2  -15360  1336
-18905  182  0  -25343  0  0
191  -252  79  0  0  0
192  0  0  0  0  20736
192  0  256  -15317  4105  1
-19312  12486  0  0  2  -15351
196  0  0  0  255  0
196  0  1  1  0  486
196  0  256  9984  4112  0
19609  -22470  -31805  3584  0  9815
196  -15360  9  0  0  0
-19692  -19533  -19533  -19533  -19533  0
197  0  4135  0  0  196
19712  -26727  -4445  -10467  -6172  -4719
19749  22924  -8690  0  4135  0
19924  -6900  32612  0  0  0
20  0  0  0  1  5120
20  0  0  0  20  0
2  0  0  0  0  2306
2  0  0  0  1  14125
20  0  0  140737353704888  140737488342208  4160739816
2  0  0  0  -15351  20560
2  0  0  0  20  0
2  0  0  0  64  0
2  0  0  -15351  -20558  0
2  0  0  244  4135  9
2  0  0  256  0  0
2  0  0  30720  110  0
2  0  0  9984  16  9368
2  0  126  0  0  4135
2  0  13491  -11119  -9440  7572
2  0  -17899  -29202  -22303  -8042
2  0  23249  9  0  256
2  0  -240  254  0  10000
2  0  25600  0  0  10000
20  -256  2500  140737353704888  140737488342208  4160739816
20270  18560  -9753  -2918  3710  5621
2  0  28523  27499  -256  0
203  0  256  10  -32000  -21661
20363  11303  -10869  0  0  10063
2  0  39  0  0  10023
2  0  39  0  0  -19019
2  0  39  0  0  2560
2  0  39  0  0  512
2  0  39  0  0  9984
2  0  39  0  0  9986
-20390  10000  0  0  0  25411
2  0  39  0  512  10023
20  4  3  0  256  0
2  0  45  -7711  -7711  -7711
2  0  511  -28672  28673  -10201
2  0  513  514  514  12863
-20536  9  0  0  2304  16
2  0  -768  -515  -515  -515
20  9509  9509  140737353704888  140737488342208  4160739816
2  1  0  4135  0  13111
2  10536  10280  10280  10280  0
21  1  0  0  4096  9984
2122  0  0  512  0  -10024
21331  21331  21331  21331  0  23342
2  16  0  9986  0  0
2  16650  228  0  0  -1908
21762  22601  6354  -7045  14600  875
-22082  0  0  0  0  0
-22244  -22665  0  512  0  0
22359  22359  22359  22359  22359  22359
2  23808  -28159  20895  -21642  -7097
-224  0  512  0  0  0
2  252  9984  0  0  0
2  -256  0  0  0  0
2  256  6421  -26175  208  0
2  256  6421  -26175  208  -12851
2  256  6421  -26175  208  2628
2  256  6421  -26175  30672  2628
228  0  0  100  0  25600
22928  89  22784  20057  22971  0
2304  0  0  0  4135  39
2304  0  0  14336  14392  13367
-23132  6838  0  0  0  -20707
-23663  -23645  163  1  0  -23645
23677  0  0  2500  0  10000
23724  23644  23644  23644  23644  0
-23806  114  0  39  0  10023
24066  0  0  0  21272  0
2  4096  39  0  0  10
2  4096  39  0  0  -22617
-2416  9093  0  0  0  18761
-2428  0  0  0  2304  0
-24318  10000  0  0  0  0
-24318  1  4351  39  1  39
244  2500  0  -2520  6190  -4180
245  0  0  0  0  2500
-24570  16  0  512  0  4135
2  -462  0  0  0  0
2475  0  22800  22873  22873  22873
24767  4096  39  0  0  0
2500  0  0  0  0  -18538
2500  0  0  0  10000  0
2500  0  0  0  256  2560
2500  0  0  23236  16188  -4044
2500  0  0  256  0  27618
2500  0  1  0  0  -15351
2500  0  2313  2313  2313  0
2500  0  2500  0  0  0
2500  0  256  0  0  25104
2500  0  26368  26471  -15257  25186
2500  0  -29952  13622  0  7680
2500  0  30464  -31110  -31098  -31098
2500  0  30976  -2382  -15352  0
2500  0  -32768  0  0  -20226
2500  1  0  0  0  0
2500  10000  0  512  17191  17219
2500  10000  196  0  2557  20495
2500  1  0  0  0  -8448
2500  1280  0  256  10000  0
2500  25344  29466  8533  1083  -12601
2500  452  0  256  10280  0
2500  51  1  140737353704888  140737488342208  4160739816
2501  0  0  25344  -736  12766
25345  25700  4548  0  0  1
-254  0  0  0  4135  0
254  -7454  25826  0  0  -27161
255  0  0  0  10000  0
255  0  0  0  30740  30840
255  0  0  0  4135  0
255  0  0  2304  452  0
255  0  0  7967  0  0
255  10  0  0  0  1952
-255  1  0  -15333  9  0
255  10  -256  0  0  0
255  -14849  2499  0  0  185
255  -15351  12850  13366  56  1024
255  2560  0  0  0  0
255  320  0  0  0  -20818
2560  0  0  0  0  10023
25600  0  0  0  256  0
2560  0  0  0  0  5120
25600  0  0  1  0  51
2560  0  0  0  81  -1392
2560  0  0  2  0  131
256  0  0  0  25600  0
256  0  0  0  512  16
256  0  0  10000  0  0
-256  0  0  2500  0  0
25600  -256  -1  255  0  0
25600  -31232  -31098  -31098  -31098  -31098
256  0  0  4096  39  0
25601  0  -3649  0  0  0
-256  0  2  0  111  0
256  0  -28160  0  256  191
256  1  0  0  0  0
2561  0  0  22884  6287  -32477
2561  0  0  256  2560  25600
256  -15360  32012  768  54  0
256  2500  0  0  0  2048
256  25090  25169  12977  -8554  0
256  30724  167  140737353704888  140737488342208  4160739816
-256  512  45  0  256  0
25696  0  255  0  0  0
257  0  0  100  0  0
257  0  10000  0  0  0
-25701  -25701  -25701  -25701  -25701  -25701
257  0  14336  13367  13873  4369
2570  2500  0  0  0  0
257  -12594  -12594  -12594  0  -16698
257  2304  255  0  0  0
257  2500  0  10000  0  0
25745  -768  -515  -515  -515  0
25752  0  0  0  0  0
2576  0  128  0  -19456  0
258  129  25601  0  0  0
258  -15164  9  100  0  0
25846  2500  30465  147  0  0
258  8192  0  0  0  0
-262  0  0  9984  0  9984
-2620  1  0  2490  0  0
-2620  186  0  0  9984  0
-2620  2490  0  0  0  256
-2620  2490  0  2  0  16384
-2620  2490  -24673  -24673  -26729  -26729
-2620  2500  0  0  0  16384
26368  256  0  4135  16306  0
2650  0  0  0  0  0
-27039  0  0  0  0  0
27052  0  0  0  -15360  4096
-27086  0  16384  0  0  -17152
272  0  0  0  5122  748
272  0  25088  31219  255  0
-27399  -15804  0  140737353704888  140737488342208  4160739816
-27647  235  0  0  0  -11974
-2769  75  -29032  -29631  23807  28471
-2786  25732  0  1  0  1
279  10000  32426  -20249  -20304  -20304
28122  337  0  255  0  -25701
-2816  26661  -4828  -24814  -7650  17992
-28272  0  0  0  0  0
-28448  10757  0  0  0  0
-28448  10757  175  -12205  0  0
-28448  10757  175  -12205  -30368  0
28705  25600  0  256  -22787  -15360
28762  15493  6975  24698  10063  0
28784  28784  28784  28784  28784  28784
28925  0  0  0  0  0
2960  6435  6425  4121  39  0
-29689  22737  1891  -4174  154  12043
-29766  1233  0  140737353704888  140737488342208  4160739816
29885  4096  39  0  0  564
-30225  0  0  0  4135  -15164
-30259  196  0  0  9984  15677
305  0  0  256  10000  0
-30576  -10185  19072  -333  -5110  -30121
-3072  110  4096  39  0  0
-30741  -4528  24522  13  0  -11309
30845  -10924  -30805  14645  1948  12340
-31036  -15178  9  0  0  7710
31065  68  4096  39  0  6939
31481  -9225  25008  -19022  5815  -9958
-31496  0  512  0  0  -25690
-31520  245  0  0  0  10
3  15680  15679  61  0  0
-316  0  0  0  9984  0
31606  51  0  0  0  9
31685  31611  31611  -15132  -3900  5053
-31744  -23501  25213  -10728  -24298  15601
-31999  -31869  -31869  -31869  -31869  -31869
32299  0  -23040  25795  10  0
-32304  1  -32768  0  196  0
-32340  513  14593  -15224  9  -6686
-32368  0  0  0  0  732
-32368  100  -255  0  -12544  -21846
-32368  11  0  0  0  -27280
-32368  121  0  0  0  0
-32368  14646  13876  13111  48  0
-32368  21771  21845  21845  21845  18157
-32368  2500  0  -8448  -8225  -8225
-32368  -7413  23402  590  0  20046
-32368  8715  -29555  -3234  -29301  0
-32368  8971  0  0  0  0
-32368  8971  -13739  -15154  9  561
-32368  8971  -13739  -21554  0  0
-32368  8971  -13739  -21554  18064  0
32512  32639  32639  32639  32639  32639
32538  -29075  28612  6123  8387  100
-32624  11  0  8961  4181  4255
32639  32639  127  0  0  0
32639  32639  32639  32639  32639  32639
32708  -242  0  0  -15351  -13879
-32768  -8466  1  0  2500  2500
329  1  0  14645  21301  0
33  2  25600  -15360  9  256
-3328  4096  11559  12593  13107  32016
3330  0  0  1  0  0
346  0  0  0  0  0
3629  14336  13875  54  0  0
3642  2500  0  0  0  0
3840  1808  -11467  23689  -31747  3341
3840  -512  -256  0  -256  -19658
-3841  -3856  -3856  -3856  1  -15360
3952  25706  -15360  9  2  9
400  4270  39  0  0  0
4096  216  -5082  236  0  -4884
4096  -23715  1595  0  0  0
4096  39  0  0  0  0
4096  39  0  0  -7168  -25986
4096  39  27648  27756  27756  27756
4096  39  4096  0  0  0
4097  35  256  22359  22359  22359
4097  551  2  0  0  0
4105  0  0  0  2500  0
4110  39  24670  19200  0  0
4112  196  0  1792  107  0
4112  4112  0  256  11536  0
4186  -22360  -22360  -22360  -22360  0
4186  -23127  2500  0  0  6400
4186  -23127  39  0  -6655  0
4186  -23127  -6617  0  0  0
4186  -23127  -6617  0  2500  6400
4186  -23127  -6617  0  512  12816
4186  -23127  -6617  0  512  5888
4186  -23127  -6617  0  512  6158
4186  5524  5479  -14745  28385  0
4186  -7682  -6617  0  512  -9016
4195  39  0  0  0  -30464
4240  2  0  1  0  4267
428  1  0  140737353704888  140737488342208  4160739816
4292  0  0  0  -15351  128
4292  16  0  2  0  0
4292  39  255  0  2  16768
4468  12589  12601  0  512  0
45  0  0  0  0  16
45  0  0  10000  -32768  0
45  0  512  0  0  100
452  0  0  0  0  0
452  0  0  0  0  2500
-4544  -4370  -4370  -4370  -4370  0
4608  31321  13417  13734  23458  32451
4864  19  0  0  4135  0
-4864  -4627  -4627  -4627  -4627  -4627
50  0  -27135  13022  0  1
5035  53  0  -512  1  -26516
5060  6168  24  15996  6  1
509  2  0  0  9984  2
5120  0  0  0  0  0
5120  0  0  140737353704888  140737488342208  4160739816
512  0  0  0  21248  0
512  0  0  9984  84  13101
5120  15951  -19870  -17574  -22494  100
512  0  256  8995  4131  0
512  100  254  0  0  0
5121  1  2500  140737353704888  140737488342208  4160739816
512  24832  82  0  0  0
51  255  9955  256  0  0
513  0  0  0  0  0
513  0  0  256  0  0
513  1  0  0  0  2500
513  1  13101  50  0  21948
513  11530  12345  52  0  12854
513  20834  0  0  0  0
513  20834  -20126  -27086  0  0
513  354  257  257  1  -31672
513  -8225  -8225  -8225  -8225  32045
513  -8350  27756  27756  27756  27668
514  514  514  4098  2  0
-515  -515  -515  -515  -515  -515
517  0  0  0  0  13621
517  0  0  0  -15351  10000
517  0  0  0  512  10000
517  0  0  0  9472  10000
517  0  0  0  9984  5120
517  0  4096  39  0  0
517  255  0  0  9984  -16192
517  -256  0  0  9984  0
5255  20  0  140737353704888  140737488342208  4160739816
528  -26353  5292  0  0  0
53  0  0  1  -246  0
5347  -20992  0  140737353704888  140737488342208  4160739816
-5428  52  0  9216  13869  2304
5520  -1  -1  2500  0  5397
5636  11536  13624  18  -18945  -19019
5679  20823  5329  140737353704888  140737488342208  4160739816
622  0  0  0  0  0
623  0  0  0  9984  -15351
639  0  0  266  -256  81
-6399  26167  -154  0  0  0
6400  0  0  0  0  -31612
64  0  0  25600  0  4096
-6436  321  0  -256  -1  0
-6454  22761  16475  27166  9230  0
66  255  0  2  0  10000
671  -2377  2357  -6410  -28356  0
6851  -22779  21539  11267  492  0
6852  6682  6682  6682  4890  2500
6912  2  0  4098  -19673  -12703
70  0  0  0  4135  0
7  255  0  0  -31098  -31098
7272  -15168  10000  0  0  9984
-7353  27746  2  0  0  3599
7  4202  0  0  -26368  17770
-7481  -25150  0  140737353704888  140737488342208  4160739816
-766  514  514  0  256  0
79  27648  27756  27756  27756  27756
8  0  0  0  0  0
-8225  -8225  0  0  0  -1
-8368  -8225  -8225  -8225  -8225  -8225
-840  2561  0  0  0  0
88  0  0  0  256  -8192
90  0  0  0  0  -28389
90  0  0  0  2560  39
90  0  0  0  9984  0
90  0  0  9984  31760  10350
90  0  23041  10000  0  23130
90  0  258  257  257  0
90  0  4098  -23127  -6617  0
90  -6912  256  0  0  0
9112  88  255  0  0  0
-9642  20738  20  512  0  0
99  26879  1  0  26728  0
9985  636  194  0  0  19054
9989  10023  10023  140737353704888  140737488342208  4160739816
9989  10023  39  140737353704888  140737488342208  4160739816
