0  0  -14592  -8964  14432  0  0
0  0  -21504  13  0  0  3829
0  140737488342224  140737353704888  140737488342208  0  0  2500
0  140737488342224  140737353704888  140737488342208  0  -15360  256
0  140737488342224  140737353704888  140737488342208  0  2500  0
0  140737488342224  140737353704888  140737488342208  0  257  0
0  140737488342224  140737353704888  140737488342208  0  27588  256
0  140737488342224  140737353704888  140737488342208  11520  54  172
0  140737488342224  140737353704888  140737488342208  -15359  9  0
0  140737488342224  140737353704888  140737488342208  196  0  256
0  140737488342224  140737353704888  140737488342208  256  1  0
0  140737488342224  140737353704888  140737488342208  25856  101  256
0  140737488342224  140737353704888  140737488342208  441  0  256
0  140737488342224  140737353704888  140737488342208  452  0  256
0  140737488342224  140737353704888  140737488342208  9  0  -15360
0  -17664  -17477  -17477  -17477  187  -17477
0  256  255  0  0  3500  -3328
0  256  255  0  0  3500  3328
10035  140737488342224  140737353704888  140737488342208  0  0  13178
-11190  140737488342224  140737353704888  140737488342208  22584  22616  11520
1  140737488342224  140737353704888  140737488342208  0  0  0
1  140737488342224  140737353704888  140737488342208  1  256  0
1  140737488342224  140737353704888  140737488342208  2  -19456  0
1  140737488342224  140737353704888  140737488342208  256  0  0
1  140737488342224  140737353704888  140737488342208  2816  2827  0
11716  140737488342224  140737353704888  140737488342208  2500  22528  561
126  0  0  0  0  0  0
-13108  140737488342224  140737353704888  140737488342208  11724  12343  -13108
13869  140737488342224  140737353704888  140737488342208  0  256  38
-15075  140737488342224  140737353704888  140737488342208  0  0  6223
-15165  140737488342224  140737353704888  140737488342208  0  0  -15164
152  0  6682  6682  6682  6682  6682
-15359  140737488342224  140737353704888  140737488342208  9  25344  -15351
-15360  140737488342224  140737353704888  140737488342208  0  0  9
15648  140737488342224  140737353704888  140737488342208  98  0  29201
16384  1  0  0  0  0  0
-16715  3388  0  0  0  0  0
-16715  3388  -14253  -23824  0  0  0
-16715  3388  -14253  -23824  15016  -15824  0
-16715  3388  -6573  3127  21311  -5398  0
-16867  140737488342224  140737353704888  140737488342208  512  0  0
195  140737488342224  140737353704888  140737488342208  -15359  0  0
196  140737488342224  140737353704888  140737488342208  -15935  2500  0
196  140737488342224  140737353704888  140737488342208  257  0  0
-20602  140737488342224  140737353704888  140737488342208  0  0  -15111
-21268  -4884  -4884  -4884  3500  0  0
2500  140737488342224  140737353704888  140737488342208  4096  39  2500
2500  140737488342224  140737353704888  140737488342208  512  0  17285
-25344  140737488342224  140737353704888  140737488342208  451  0  -2424
255  0  0  0  0  -21491  0
256  0  1  -21504  1  0  3500
-256  140737488342224  140737353704888  140737488342208  0  0  255
256  140737488342224  140737353704888  140737488342208  0  -15351  0
256  140737488342224  140737353704888  140737488342208  0  2500  0
26  14326  -19513  21224  -9328  5264  19342
26368  140737488342224  140737353704888  140737488342208  2  256  0
26405  28053  0  0  0  0  0
26405  28053  -8892  -724  0  0  0
26405  28053  -8892  -724  18171  -23755  0
27508  140737488342224  140737353704888  140737488342208  2500  0  -1
28086  140737488342224  140737353704888  140737488342208  0  0  0
2845  140737488342224  140737353704888  140737488342208  32000  2760  0
-29952  140737488342224  140737353704888  140737488342208  12340  8137  20768
31047  140737488342224  140737353704888  140737488342208  -26363  23175  -17762
-3405  140737488342224  140737353704888  140737488342208  0  0  -16628
3584  140737488342224  140737353704888  140737488342208  1  0  0
5053  140737488342224  140737353704888  140737488342208  16706  0  -6399
510  140737488342224  140737353704888  140737488342208  0  0  0
-512  140737488342224  140737353704888  140737488342208  12800  12594  0
5508  31225  0  0  0  0  0
5508  31225  -2319  -22355  0  0  0
5508  31225  -2319  -22355  115  13916  0
-67  140737488342224  140737353704888  140737488342208  0  452  1
-67  140737488342224  140737353704888  140737488342208  13030  452  21609
77  0  0  1  0  0  0
-8191  140737488342224  140737353704888  140737488342208  0  -11264  194
897  140737488342224  140737353704888  140737488342208  -15359  0  3578
9498  17509  0  0  0  0  0
9498  17509  -30251  25753  0  0  0
9498  17509  -30251  25753  17107  -22857  0
