0  0  0  -19968
0  0  0  2304
0  0  0  2313
0  0  0  25600
0  1  0  1
0  256  -3834  27671
1  0  0  28012
11899  31189  0  0
-14659  -22955  0  0
-15105  265  0  0
-15164  25888  -15174  -15164
-15360  9  0  0
17244  -32067  0  0
196  1  0  0
20386  11112  0  0
-21420  -5074  0  0
-21574  -7134  0  0
-21574  -7134  -27614  -29760
22437  3038  0  0
-23808  9631  -18639  -23596
-23933  -24967  0  0
-23933  -24967  -2997  -13136
2500  0  0  1
2517  1140  256  1
2517  1140  511  0
26471  26471  15  0
30016  662  0  0
-32767  0  0  0
-5037  -6859  0  0
5425  29981  0  0
56  256  -28416  -28271
6401  1  1  65
