0  140737488342224  140737353704888  140737488342208  0  -13303  0
0  140737488342224  140737353704888  140737488342208  0  -15351  0
0  140737488342224  140737353704888  140737488342208  0  -15360  2500
0  140737488342224  140737353704888  140737488342208  0  2  0
0  140737488342224  140737353704888  140737488342208  0  25600  0
0  140737488342224  140737353704888  140737488342208  -15353  0  9
0  140737488342224  140737353704888  140737488342208  15420  60  15431
0  140737488342224  140737353704888  140737488342208  2500  0  0
-10634  10883  0  0  0  0  0
-10634  10883  -3958  -30262  0  0  0
-10634  10883  -3958  -30262  7623  -1230  0
-11052  14156  0  0  0  0  0
-11052  14156  8280  16819  0  0  0
-11052  14156  8280  16819  19389  -14736  0
1  140737488342224  140737353704888  140737488342208  0  2500  0
1  140737488342224  140737353704888  140737488342208  0  265  -15315
1  140737488342224  140737353704888  140737488342208  -26368  -31614  23218
1  3500  0  0  0  0  0
-14475  -25930  0  0  0  0  0
-14475  -25930  -9118  -16586  0  0  0
-14475  -25930  -9118  -16586  -406  -2235  0
-15317  140737488342224  140737353704888  140737488342208  9  0  0
-15359  140737488342224  140737353704888  140737488342208  1  0  0
-15359  140737488342224  140737353704888  140737488342208  9  0  0
-20993  140737488342224  140737353704888  140737488342208  -3942  -31175  504
2  140737488342224  140737353704888  140737488342208  0  -32768  0
2304  140737488342224  140737353704888  140737488342208  0  256  -24576
23786  140737488342224  140737353704888  140737488342208  19102  0  0
-2389  140737488342224  140737353704888  140737488342208  11155  0  0
2403  140737488342224  140737353704888  140737488342208  13429  14134  12336
2500  140737488342224  140737353704888  140737488342208  0  0  0
2500  140737488342224  140737353704888  140737488342208  0  196  0
2500  140737488342224  140737353704888  140737488342208  -23522  -3672  -18344
2500  140737488342224  140737353704888  140737488342208  -2817  0  -6191
-25346  140737488342224  140737353704888  140737488342208  -1  0  255
254  140737488342224  140737353704888  140737488342208  -25939  234  -1808
255  140737488342224  140737353704888  140737488342208  2304  -15358  0
25600  -512  19191  98  4738  1  0
-25939  140737488342224  140737353704888  140737488342208  -1808  0  0
-26114  2237  0  0  0  0  0
-26114  2237  9138  -29232  0  0  0
-26114  2237  9138  -29232  -15077  -3448  0
28416  367  -21504  13  0  0  0
29227  140737488342224  140737353704888  140737488342208  -17223  0  0
5548  0  -256  0  18570  -15969  0
