0  0  1
0  0  100
0  0  10000
0  0  11
0  0  13824
0  0  14336
0  0  -15360
0  0  16384
0  0  -17734
0  0  20
0  0  2500
0  0  25600
0  0  -25981
0  0  28527
0  0  -4608
0  0  514
0  0  -8383
0  10  0
0  -114  0
0  12019  82
0  1  -256
0  1342  -28576
0  13824  -22218
0  151  0
0  -15105  0
0  -15260  9
0  -15351  26784
0  -15360  2500
0  -15360  -28785
0  15501  0
0  16640  0
0  18432  18504
0  -18491  8390
0  -19868  0
0  20  0
0  2  14137
0  2244  241
0  2  -24930
0  2  25600
0  2304  5120
0  -236  0
0  24415  25690
0  2500  -23767
0  2500  29410
0  2  512
0  253  10000
0  255  126
0  -256  0
0  25600  0
0  25600  25700
0  256  -18865
0  -256  2313
0  256  251
0  256  8645
0  25855  0
0  26112  11916
0  29359  0
0  31995  -30719
0  -32382  -32383
0  -32768  -25958
0  -4412  -4371
0  4864  4883
0  512  11520
0  512  120
0  512  12845
0  512  2011
0  512  23427
0  512  26471
0  512  282
0  512  94
0  57  0
0  6656  4875
0  767  13312
0  768  -256
0  -7968  -7968
0  8481  12589
-1  0  0
10000  0  10
10000  0  -12000
10000  0  -3856
10000  10000  -26112
10000  -12851  0
10000  13357  14135
10000  -14136  -14136
10000  -15360  9
10000  219  39
10000  4864  10000
100  0  -1
100  0  100
100  0  17152
100  0  255
100  0  5120
10  0  10000
100  13106  12595
100  14210  -24829
100  17610  37
10  0  194
10  0  2
100  2  0
10  0  24613
100  255  1
100  256  0
100  25856  25701
10  0  30382
-10054  -14852  2943
100  90  0
1  0  1
101  0  5121
10  15677  15677
10  20  0
10  255  0
10256  100  0
1  0  25796
1  0  2756
-10281  -10281  -15145
1  0  50
1  0  5120
10  5120  0
-10588  15098  11262
10751  10537  0
-10752  2500  512
11108  -15317  9
112  0  100
11204  2977  -11902
11266  10000  1024
1  13312  12599
11521  25600  13621
117  0  0
11726  13005  20
11775  13621  13622
11775  -7114  5120
118  0  -15360
-1180  85  0
1  197  0
12  0  0
12258  -24938  -7454
-12288  5903  25684
12340  25652  0
12345  13874  100
-12413  4197  11520
12544  5120  0
1  25600  0
1  -256  -17482
-12594  -12594  -2
12600  13104  -15303
-12603  12916  -1748
128  0  0
12845  12598  -22717
-1286  -1286  -1286
128  -8192  -7968
13  0  257
-13054  100  1
13058  13107  13107
13060  566  255
13101  0  0
13101  12581  12345
13101  14135  52
13357  5176  0
-13372  -16758  -3050
13381  -19790  1412
13510  55  0
13620  12340  12600
13764  13367  13618
139  2  0
139  -21125  -17920
139  4987  4883
14  0  0
14020  2358  0
14096  0  0
14298  2500  25600
-14322  5120  512
14336  12855  50
14392  2500  0
-14642  12744  18640
14647  4292  1
14648  13104  -31869
15086  2756  0
-15104  -16195  192
-15105  -32759  0
-15105  9  0
-15108  9  0
-15154  -15351  9
-15155  1  0
-15163  11  0
-15164  13363  14136
-15164  17616  2334
-15164  30405  2358
-15164  4105  39
-15165  223  0
-15191  -15351  9
-15199  -25335  -25187
-15199  9  250
-15250  10000  255
-15260  12336  12336
-15291  9  0
-15340  9  0
-15344  10000  -15360
-15344  -2571  0
-15360  10000  9
-15360  4105  1
-15360  9  9415
-15421  -15421  195
1542  2500  0
15556  1  0
-15589  -4113  -4113
15717  -20561  -20561
161  0  224
-16193  192  256
16  20  14641
162  0  24196
16394  0  0
16394  12851  13109
16701  100  0
16821  -14084  10000
169  0  100
169  0  2500
169  -32473  2500
17  30464  30583
17456  -30841  0
-17459  9524  -15200
17894  22918  512
-17953  11628  0
17990  17990  17990
18178  9362  0
-18505  -18686  258
-18688  -18505  25783
1872  1799  0
18877  17860  11869
-19533  7689  7710
196  0  -15358
196  0  2306
196  0  -2571
196  0  512
196  2560  0
196  257  0
196  28784  28784
19712  19789  2570
2  0  0
-20047  177  0
2  0  169
2  0  196
2  0  2500
20  -256  0
20352  26985  20
204  0  0
2  0  -4096
20442  10000  20282
2048  13582  -10356
20  5120  0
206  -15232  9
206  31488  30055
-20710  175  0
2  100  0
210  0  234
21228  254  0
21444  100  0
21504  -27519  23091
-21564  -15360  9
-21589  25600  0
2  17476  17476
219  0  1
21908  -27327  -21416
21912  0  0
-22081  20  0
22123  15005  0
22154  -18766  26518
-22360  -22360  -22360
224  0  0
-22494  10152  0
-22525  1  0
2  -256  -15344
22685  13401  0
228  -22642  150
23036  2500  15616
-2304  6830  9581
-23131  165  0
-23296  20  0
-23296  20  256
-23296  -6892  -18791
233  0  2500
23313  9633  -26364
234  0  25346
23427  22944  0
23480  11069  -12674
23482  1  25836
235  0  23552
23  64  0
23644  23644  23644
23854  39  25600
23925  29368  4213
24110  -23011  11035
-24159  -15678  -15678
24225  151  1403
-24318  16448  0
-24320  8830  -4273
24672  24672  0
247  0  255
-247  0  512
250  0  0
2500  0  1
2500  0  13817
2500  0  -15360
2500  0  15616
2500  0  16
2500  0  21504
2500  0  -22977
2500  0  4112
25001  1  0
25001  -15351  -22519
25001  -17459  205
25001  205  0
25001  24929  100
250  0  14352
2500  -15341  9
2500  -15360  -15360
2500  22600  211
2500  -254  2
2500  4883  0
2500  4883  4883
2500  498  2304
2500  512  11767
-25087  -24930  0
251  0  0
252  15  0
252  15163  15163
25344  4195  -22103
254  100  0
254  1  -10743
-255  100  0
255  255  0
255  25601  0
255  -31612  -31612
256  0  -5770
256  0  97
256  100  0
256  10000  0
25610  174  0
-256  127  0
256  -15360  0
25616  0  0
-256  -17212  0
-256  17990  17990
25620  0  1
256  256  0
256  25602  0
256  256  256
256  4098  255
256  -9889  13881
25700  25700  100
-2571  0  0
-2571  -2571  0
257  14081  475
257  256  0
257  257  0
257  257  257
25726  0  5120
25730  0  0
25796  100  0
2580  5136  -256
25806  5654  0
-25840  514  0
25856  20  26368
2628  0  0
2660  -4833  0
-26729  -26729  -26729
268  0  0
272  255  12597
27308  -3760  29549
-27392  0  256
274  29041  29041
2756  0  0
2756  0  20
2756  -256  0
276  2500  0
276  -256  0
-2779  4346  -14869
-27904  240  0
27916  -29726  16401
27920  699  0
-28199  4237  0
28308  27708  15678
28609  2139  0
-28926  5411  -27882
-28941  -15360  2500
2917  -13819  5322
2917  24340  -10951
-29298  -29299  -29043
29444  14390  1
-29756  -29813  -29813
30215  -23946  30326
30224  24269  0
-30732  512  10000
30747  -28372  -10259
30833  25894  -8091
30889  1  0
31097  0  -15360
312  2815  0
31280  10000  0
31354  31354  31354
-31744  -433  17278
31839  1170  0
31839  1170  -256
31868  31868  31868
-3187  28953  -3280
-31882  127  0
-31882  2  0
-31882  26063  1294
-31882  4222  0
-32013  -32126  -32126
-32126  19712  -28528
-32170  130  0
32  266  0
32382  32382  32382
-32383  -32383  -32383
-32562  -32641  0
326  0  0
32639  32639  32639
-32656  -27073  14386
-32667  32640  0
334  0  -11008
-3414  -3342  -3342
3524  0  0
356  -15106  15
356  5870  0
-3643  10  0
378  2500  612
400  0  4096
-4039  2  0
-4070  2675  0
4096  0  0
4096  39  2
4097  39  -32383
4112  10000  0
4112  39  2
4112  4112  32272
4112  4135  0
4116  295  0
4149  -32729  -2571
4149  39  0
4149  4135  -21068
4152  -32473  0
4196  39  8192
4240  1  0
4240  19844  229
4240  19844  -25600
4240  19844  26
4242  39  0
426  0  0
4292  0  512
-4336  4112  0
4348  10000  3842
4369  2500  0
4370  245  0
4370  25600  0
4370  4597  13001
452  -1286  0
4608  13332  13094
4845  27405  0
4864  4883  4883
-493  5090  19
4965  0  0
-4971  -24413  19996
511  -256  512
512  0  0
5120  0  1
5120  20  0
512  0  -29952
5120  8448  -17612
-512  20  13491
513  0  -15351
513  295  0
5171  0  0
5173  0  -32383
52  227  0
528  0  1028
5288  0  0
5289  0  0
53  0  0
5321  0  0
55  0  -16126
55  512  0
564  0  13312
5654  0  256
-573  26471  26471
-5799  31654  -15419
588  5767  23836
-60  25854  -16595
608  0  0
6299  4096  39
6340  -10973  0
-64  -15315  9
647  -20777  -7197
-6912  -128  7
708  0  9
708  25454  -16455
7196  7196  7196
75  0  0
7544  -31585  -15360
767  100  -256
-767  415  28134
7720  28367  0
-7905  -7711  2500
852  1  0
-855  -772  -772
868  4352  12398
-8960  0  0
9  0  0
9  0  -7968
-9200  214  0
9  -256  16
9509  37  0
9566  -1291  -31869
9633  1269  0
9633  -1291  10140
9633  13364  13364
9633  -2314  -28384
9633  245  -32383
9744  -5661  0
99  25600  0
9981  100  0
